L,M1
125,34.378366
125,34.414432
125,34.234352
125,34.135606
125,34.30445
125,34.155411
125,34.153974
125,34.249601
125,33.969251
125,34.024105
125,34.188736999999996
125,34.250448999999996
125,34.096798
125,34.225069
125,34.345465999999995
125,34.272228000000005
125,34.213545
125,34.11484
125,34.211836
125,34.134602
125,34.016536
125,34.18415
125,34.330848
125,34.001169
125,34.173297999999996
125,34.081003
125,34.467946999999995
125,34.141647
125,34.344889
125,34.238826
125,34.297218
125,34.454628
125,34.182853
125,34.139505
125,34.118452000000005
125,34.217756
125,34.276546
125,34.136794
125,34.288304
125,34.0103
125,34.19364
125,34.199845
125,34.36725
125,34.112439
125,34.058413
125,34.033496
125,34.146311
125,34.197441
125,34.09233
125,34.271563
125,34.169487
125,34.242819
125,34.250417999999996
125,34.179015
125,34.184742
125,34.101374
125,34.20196
125,34.334106
125,34.169484000000004
125,34.309532
125,34.081678000000004
125,34.359857
125,34.241890000000005
125,34.287062
125,34.173835
125,34.306101
125,34.223782
125,34.211568
125,34.238759
125,34.114065000000004
125,34.233487
125,34.210586
125,34.172168
125,34.297152000000004
125,34.357558000000004
125,34.249515
125,34.104409999999994
125,34.130695
125,34.256383
125,34.16491
125,34.158758
125,33.99648
125,34.381089
125,34.079941
125,34.195413
125,34.252232
125,34.413879
125,34.152238
125,34.142978
125,34.025633
125,34.280421999999994
125,34.272377
125,34.323488
125,34.299818
125,34.269027
125,34.453916
125,34.114766
125,34.132588
125,34.246083
125,34.308187
125,34.264179999999996
125,34.132407
125,34.209953999999996
125,34.158034
125,34.278822
125,34.252754
125,34.203156
125,34.121881
125,34.178678999999995
125,34.111602000000005
125,34.161994
125,34.191156
125,34.257698
125,34.462182
125,34.225528000000004
125,34.278909999999996
125,34.276084000000004
125,34.342074
125,34.278612
125,34.15254
125,34.249407
125,34.06301
125,34.208895
125,34.110184000000004
125,34.150195000000004
125,34.265851
125,34.128396
125,34.287290999999996
125,34.288027
125,34.216617
125,34.199938
125,34.203831
125,34.095134
125,34.171177
125,34.353244000000004
125,34.196118
125,34.122904
125,34.18378
125,34.295428
125,34.307994
125,34.26715
125,34.09205
125,34.224702
125,34.32408
125,34.235517
125,34.258603
125,34.162764
125,34.057208
125,34.044674
125,34.242999
125,34.138107
125,34.049153999999994
125,34.247748
125,34.386495000000004
125,34.219828
125,34.071234999999994
125,34.200277
125,34.265774
125,34.229484
125,34.341736
125,34.139679
125,34.067879
125,34.178471
125,34.245609
125,34.106246
125,34.172781
125,34.345082
125,34.087989
250,68.638263
250,68.89964
250,68.70633000000001
250,68.651129
250,68.717264
250,68.819973
250,69.126972
250,68.890214
250,68.927627
250,68.66684599999999
250,68.753277
250,68.518178
250,68.410829
250,68.669291
250,68.155136
250,69.488431
250,68.855051
250,69.014081
250,68.367047
250,68.713246
250,69.102455
250,69.12661899999999
250,69.093913
250,68.99436
250,68.566211
250,68.779639
250,68.64215
250,68.14806
250,68.775921
250,68.522587
250,68.89877
250,68.706661
250,68.876982
250,68.991452
250,68.937815
250,68.74118299999999
250,69.107201
250,69.040785
250,68.615923
250,69.12602199999999
250,68.579856
250,68.761085
250,69.212437
250,68.39742
250,69.063695
250,68.811225
250,68.346058
250,68.49624200000001
250,68.749712
250,68.919651
250,68.567088
250,68.736082
250,68.97834499999999
250,68.41391999999999
250,68.46315200000001
250,68.330885
250,69.026671
250,68.797709
250,69.090191
250,68.688225
250,68.680275
250,69.075158
250,68.763738
250,69.153787
250,68.514702
250,68.872568
250,68.713747
250,68.91669399999999
250,68.99306899999999
250,68.539345
250,68.46826800000001
250,68.25153
250,68.887294
250,68.991265
500,139.36982
500,137.88323
500,136.38218
500,133.53699
500,137.3235
500,136.63343999999998
500,136.25777
500,137.7836
500,138.0695
500,133.7631
500,138.37820000000002
500,138.26744
500,136.7041
500,138.81221000000002
500,136.98463999999998
500,138.99690000000004
500,138.16298999999998
500,137.57648
500,137.23416000000003
500,134.48417
500,134.37059
500,138.10414
500,137.3007
500,133.5877
500,137.82267
500,138.34956
500,135.67435
500,133.72243999999998
500,140.06744
500,137.69935
500,137.76361
500,135.72884
500,134.3635
500,135.37556999999998
500,136.59296
500,136.41736000000003
500,135.33323
500,137.24583
500,137.30718000000002
500,136.94048999999998
500,133.18116
500,138.32651
500,137.60464
500,138.63586000000004
500,138.34908
500,131.7666
500,135.91427
500,137.71604
500,135.77551
500,138.60193999999998
500,135.63013
500,136.27312
500,139.08513
500,134.27318
500,137.52929
500,137.62793
500,135.94312
500,137.87843999999998
500,135.36083
500,140.16185000000002
500,136.9761
500,133.61061
500,134.05573
500,137.04340000000002
500,137.40695
500,136.68730000000002
500,134.3396
500,139.83142
500,135.83755
500,140.37071
500,135.0076
500,134.47288000000003
500,136.09272
500,131.84221000000002
500,135.276
500,138.39608
500,139.84341
500,137.60951
500,133.77238
500,135.33948999999998
500,138.99691
500,137.2122
500,137.14931
500,136.46165
500,131.80198
500,137.11126000000002
500,133.70577000000003
500,136.82512
500,137.65124
500,133.08156000000002
500,138.36727
500,136.98604
500,137.46917
500,134.65894
500,136.12396
500,137.29596999999998
500,138.05052
500,136.27463
500,136.09053
500,134.92877
500,139.2589
500,139.12427
500,137.33628000000002
500,138.10429000000002
500,136.77465
500,135.8466
500,141.38985
500,136.11176
500,136.15673000000004
500,135.95959
500,135.09961
500,138.59086000000002
500,140.1653
500,137.22007
500,138.64238
500,136.17432
500,133.98092
500,134.54407
500,139.79163
500,135.35041
500,136.49035000000003
500,137.06094000000002
500,134.37341
500,134.92231
500,136.97449
500,136.48147
500,140.83791000000005
500,137.55293999999998
500,136.96118
500,136.23812
500,135.70914
500,137.29009
500,132.76253
500,135.53569
500,136.14892
500,136.33361000000002
500,135.87235
500,139.21906
500,134.16411000000002
500,136.45144000000002
500,136.50043
500,134.88211
500,134.73411000000002
500,137.18275
500,140.14924
500,138.76985
500,136.37152
500,142.45295
500,131.62603
500,133.73308
500,137.92144
500,135.58248
500,135.3348
500,136.58115
500,135.52493
500,135.06152
500,137.09143
500,139.0638
500,136.66356000000002
500,137.67797
500,135.90329
500,135.53203
500,138.55057
500,136.49026
500,134.57457
500,138.80807
500,137.87213
500,134.60398999999998
500,138.49188
500,137.90125
500,134.10981
500,133.72501
500,137.50986000000003
500,132.88817
500,134.55876999999998
500,137.51082
500,139.36289
500,135.34332
500,139.90312
500,137.27738
500,137.27213999999998
500,136.53293
500,135.52751
500,136.61066000000002
500,136.0518
500,135.98823000000002
500,137.45558
500,137.57231000000002
500,138.34186
500,140.19183999999998
500,130.94478999999998
500,136.94321000000002
500,138.05771
500,137.2662
500,139.48828999999998
500,132.93936000000002
500,138.72956000000002
500,137.20414
500,134.5738
500,138.9337
500,136.72861000000003
500,137.4743
500,137.47574
500,136.29191
500,136.52886999999998
500,137.53481000000002
500,138.33321
500,138.82493
500,137.64678000000004
500,138.77271000000002
500,134.80471000000003
500,136.02223
500,139.15141
500,134.93719
500,137.21777
500,138.51795
500,135.99285
500,134.32452
500,134.27938
500,135.02449
500,137.00679
500,135.30801
500,140.64917
500,136.42139
500,135.82706000000002
500,137.73633999999998
500,135.97851
500,138.58778999999998
500,138.93290000000002
500,134.49025
500,137.66111
500,138.84748000000002
500,134.37135
500,137.28286
500,138.28118999999998
500,135.38733000000002
500,135.64408
500,137.34976
500,137.24219
500,138.11156
500,133.4383
500,140.05285000000003
500,140.45181000000002
500,136.27749
500,135.52292
500,135.6823
500,137.43821
500,138.79163
500,137.52002
500,140.54896000000002
500,134.5349
500,136.22928000000002
500,137.05575000000002
500,136.54891
500,137.81368999999998
500,136.34899
500,136.95916
500,141.66065
500,136.73443999999998
500,134.24059
500,135.51306
500,136.45793999999998
500,135.55486000000002
500,138.07789
500,136.24643
500,137.32073
500,140.33388
500,136.81175
500,138.36038
500,137.62513
500,137.99358999999998
500,138.95036000000002
500,133.27454
500,139.22522
500,138.03266000000002
500,138.006
500,136.72323
500,136.33069
500,135.38189000000003
500,134.50365
500,139.19679
500,138.62613000000002
500,136.90781
500,136.63089
500,136.23082
500,137.18463
500,139.05548000000002
500,132.68634
500,134.26793
500,136.82426999999998
500,138.29251000000002
500,138.38866000000002
500,138.91125
500,137.02766
500,135.86104
500,134.44098
500,137.25981000000002
500,140.51451
500,136.1717
500,136.45868000000002
500,136.61741999999998
500,138.44258
500,137.03946000000002
500,135.38023
500,134.06063
500,136.43385
500,134.84994
500,137.34591
500,135.93739
500,139.08459
500,139.90337
500,136.34166000000002
500,138.08378000000002
1000,269.62904
1000,266.51604
1000,273.00856
1000,261.69304
1000,269.46412999999995
1000,263.36255
1000,267.46729
1000,259.04118
1000,264.44682
1000,277.34553
1000,266.67137
1000,266.21005
1000,268.81397999999996
1000,265.35873
1000,265.87996
1000,270.54563
1000,264.13562
1000,272.742
1000,260.03638
1000,269.28635
1000,264.69209
1000,265.14757000000003
1000,272.67607000000004
1000,257.02796
1000,263.64462000000003
1000,264.54505
1000,272.50674
1000,272.74777
1000,271.18625
1000,269.11187
1000,271.91253
1000,263.80393
1000,274.76371
1000,264.5549
1000,274.18679
1000,280.04389
1000,273.2748
1000,272.27648999999997
1000,273.20027999999996
1000,267.91412
1000,271.87465
1000,275.52559
1000,267.56287000000003
1000,260.90805
1000,269.26232000000005
1000,272.87951
1000,269.01889
1000,274.27084
1000,274.7149
1000,258.97462
1000,268.59763
1000,260.88872000000003
1000,277.77196000000004
1000,266.71769
1000,258.72199
1000,269.05259
1000,274.75799
1000,270.02671000000004
1000,272.10659
1000,262.92064
1000,267.15282
1000,269.01957999999996
1000,267.44322
1000,264.16989
1000,260.11945
1000,268.95353
1000,269.96734
1000,278.66719
1000,267.80546
1000,268.04571
1000,271.91515
1000,267.98028999999997
1000,264.6872
1000,274.49697000000003
1000,269.64612999999997
1000,263.20599
1000,259.29278
1000,270.51813
1000,271.27657
1000,266.19229
1000,270.37467000000004
1000,274.35497000000004
1000,265.93702
1000,271.84997999999996
1000,271.77723
1000,270.18614
1000,271.90437000000003
1000,273.90074
1000,273.64869
1000,264.87885
1000,273.7109
1000,267.33341
1000,268.47289
1000,262.53502000000003
1000,260.27932999999996
1000,263.76738
1000,265.35891000000004
1000,270.88062
1000,271.35751
1000,267.74883
1000,262.13808
1000,267.46744
1000,273.26641
1000,266.3965
1000,268.55806
1000,263.34229
1000,267.47709
1000,264.44646
1000,269.83756
1000,271.13973
1000,275.34267
1000,271.25903999999997
1000,269.41685
1000,268.16027
1000,268.5884
1000,276.74955
1000,274.17854
1000,270.61429
1000,272.37604
1000,274.71608
1000,262.76611
1000,272.81542
1000,267.41422
1000,277.86986
1000,274.64676000000003
1000,269.17534
1000,262.32245
1000,275.82736
1000,266.99894
1000,276.78585
1000,270.94509
1000,268.98161
1000,262.70989
1000,269.73831
1000,270.29924
1000,269.47244
1000,266.33381
1000,272.92835
1000,272.55053
1000,269.56255
1000,276.3691
1000,265.25796
1000,273.26377
1000,263.1383
1000,267.10522000000003
1000,262.41042999999996
1000,261.38196
1000,265.03688999999997
1000,276.84334
1000,269.99057999999997
1000,276.1395
1000,275.50425
1000,258.77727000000004
1000,270.34199
1000,261.99821000000003
1000,267.44992
1000,264.42654
1000,268.92236
1000,268.07037
1000,270.0759
1000,267.10954
1000,273.61747
1000,262.40112999999997
1000,266.09072000000003
1000,270.73028
1000,269.19479
1000,275.94222
1000,268.14207000000005
1000,263.1866
1000,273.03014
1000,258.442
1000,268.67928
1000,262.88671
1000,259.47958
1000,271.16133
1000,270.29496
1000,261.53309
1000,262.43064
1000,267.96452
1000,269.82322999999997
1000,259.18776
1000,270.35227000000003
1000,272.12867
1000,268.00835
1000,273.34192
1000,266.19033
1000,261.69426
1000,272.37019
1000,262.29577
1000,265.91176
1000,267.96842000000004
1000,267.82332
1000,265.62137
1000,260.41072
1000,270.05813
1000,268.30316
1000,263.06401
1000,277.45408
1000,262.00959
1000,267.90763
1000,272.94361000000004
1000,266.21804
1000,275.91989
1000,261.76361
1000,265.30211
1000,269.30595
1000,265.48668
1000,273.06301
1000,272.83527000000004
1000,275.04911
1000,265.54501
1000,270.12048
1000,270.92192
1000,265.60922999999997
1000,272.98255
1000,261.74425
1000,264.79894
1000,265.38358
1000,277.37951
1000,269.15697
1000,269.91823
1000,260.95645
1000,266.0782
1000,264.90105
1000,269.48324
1000,269.20777000000004
1000,272.84436
1000,271.21937
1000,275.63469
1000,265.71571
1000,264.23549
1000,263.07652
1000,276.44349
1000,269.19007
1000,264.39276
1000,262.71145
1000,267.89439
1000,272.35549
1000,269.7732
1000,270.80348
1000,264.43987000000004
1000,272.99101
1000,267.95804
1000,267.24896
1000,266.23977
1000,272.0322
1000,264.50349
1000,268.91925
1000,266.46628
1000,263.12768
1000,265.10106
1000,268.10206
1000,263.97449
1000,274.49744
1000,259.00201
1000,267.83817
1000,273.89258
1000,259.8172
1000,262.71897
1000,266.83277000000004
1000,270.3187
1000,275.47232
1000,271.80005
1000,272.00181000000003
1000,270.17117
1000,268.89978
1000,270.27734
1000,259.38903
1000,261.12234
1000,275.7385
1000,271.95979
1000,271.95563
1000,265.67351
1000,270.10893
1000,267.41623
1000,265.74306
1000,262.47131
2000,523.3312599999998
2000,548.55694
2000,553.06039
2000,533.96136
2000,528.44075
2000,521.21407
2000,516.99996
2000,516.80383
2000,527.7838
2000,502.46709000000004
2000,503.41175999999996
2000,539.40134
2000,541.56865
2000,523.51908
2000,520.50423
2000,519.302
2000,509.70965
2000,525.3002299999998
2000,527.46566
2000,528.46749
2000,503.86515
2000,530.97242
2000,530.4236599999999
2000,542.99665
2000,525.23146
2000,512.08398
2000,493.10398
2000,518.22115
2000,518.7407400000001
2000,520.6109
2000,531.40549
2000,510.04907
2000,519.0471
2000,517.06605
2000,507.69821
2000,507.83335
2000,512.58911
2000,525.06923
2000,522.1750099999998
2000,522.32209
2000,523.76281
2000,533.1585299999998
2000,522.12177
2000,516.41327
2000,524.6521
2000,502.69819
2000,537.56705
2000,504.58498
2000,525.80732
2000,514.75382
2000,522.2608
2000,540.16036
2000,530.45601
2000,530.09731
2000,523.9722
2000,497.03125
2000,534.2235
2000,522.67143
2000,532.94471
2000,528.7914099999998
2000,522.70656
2000,523.76822
2000,530.64953
2000,528.27075
2000,512.09929
2000,540.32997
2000,511.66435
2000,532.50205
2000,531.9882299999998
2000,540.95265
2000,543.20034
2000,512.5181299999999
2000,525.07635
2000,522.09245
2000,515.9429299999999
2000,518.56497
2000,509.71815999999995
2000,522.53406
2000,541.79834
2000,526.48063
2000,520.2593
2000,517.20443
2000,542.52096
2000,508.56852
2000,518.53799
2000,515.12455
2000,525.47562
2000,536.2515900000001
2000,522.13669
2000,524.03417
2000,525.34749
2000,519.97593
2000,534.0038
2000,520.02615
2000,516.8041
2000,542.3834
2000,534.95328
2000,528.09858
2000,521.74308
2000,498.37968
2000,525.32168
2000,533.2513700000001
2000,513.4150099999999
2000,538.5575200000001
2000,518.2764400000001
2000,525.43553
2000,542.55225
2000,492.73183
2000,537.90072
2000,532.04683
2000,523.7210200000001
2000,508.34422
2000,528.6243900000002
2000,535.74742
2000,523.58113
2000,535.39472
2000,524.83819
2000,524.48445
2000,514.27792
2000,522.00557
2000,545.81352
2000,522.65955
2000,520.59862
2000,542.21128
2000,541.05241
2000,514.3249599999999
2000,521.9540400000002
2000,528.2842400000001
2000,530.36802
2000,525.7305200000002
2000,501.03294000000005
2000,525.79251
2000,530.48451
2000,503.82899
2000,501.45721
2000,530.9769299999999
2000,505.84191
2000,536.55876
2000,514.55365
2000,519.60828
2000,537.46202
2000,499.65579
2000,504.67812999999995
2000,518.76931
2000,532.88845
2000,515.55962
2000,523.08032
2000,523.05908
2000,533.37319
2000,559.12803
2000,522.11523
2000,534.2696599999999
2000,512.90515
2000,527.0765200000001
2000,516.55555
2000,516.65388
2000,528.13923
2000,497.46943
2000,530.75248
2000,542.68363
2000,519.5588799999999
2000,546.1803
2000,514.9112200000001
2000,540.4830900000001
2000,528.27455
2000,534.34456
2000,536.18889
2000,526.07526
2000,515.29541
2000,531.04174
2000,520.7498099999999
2000,537.5398700000001
2000,511.76640999999995
2000,533.24734
2000,530.24876
2000,514.95032
2000,533.8369299999999
2000,518.64044
2000,531.96799
2000,507.27822
2000,528.43878
2000,521.2925299999999
2000,519.4123599999998
2000,509.23389000000003
2000,527.86838
2000,532.10843
2000,523.71728
2000,505.19224
2000,491.24303
2000,527.3337
2000,511.4063
2000,517.02614
2000,508.41491
2000,518.86393
2000,521.19525
2000,523.70625
2000,531.23665
2000,515.14235
2000,530.27247
2000,510.95196
2000,535.26618
2000,539.0134
2000,522.31092
2000,525.94087
2000,532.11242
2000,515.5393
2000,556.4651
2000,516.27994
2000,535.2667799999999
2000,538.711
2000,519.67401
2000,513.49223
2000,510.23222000000004
2000,519.94911
2000,531.19313
2000,518.47048
2000,519.78783
2000,516.73771
2000,511.33118
2000,521.4317
2000,542.9612900000001
4000,942.6354
4000,921.5658
4000,1039.3902
4000,1160.4046
4000,998.8569
4000,881.4756
4000,989.7442000000003
4000,950.9251000000003
4000,888.9219
4000,906.496
4000,1030.5434
4000,898.7506
4000,1197.3049000000005
4000,1124.5091
4000,1059.1017
4000,1024.5753
4000,1153.2964
4000,1081.8982
4000,899.2428
4000,880.1564
4000,1170.5514
4000,1136.2584
4000,1077.9656
4000,1034.3065
4000,1014.9659
4000,1015.9869
4000,1057.8077
4000,871.6954
4000,949.0101
4000,1133.6304
4000,980.3664
4000,1089.5605
4000,1030.3746
4000,947.5060000000001
4000,896.2258
4000,1087.1306
4000,957.2962
4000,1134.5367
4000,994.5261
4000,995.9763
4000,955.2071
4000,1039.1566
4000,965.5446000000003
4000,1166.212
4000,985.3862000000003
4000,1133.7489
4000,872.113
4000,951.6706
4000,952.5457
4000,967.8644
4000,1069.7217
4000,988.9474
4000,1020.7774
4000,1047.7209
4000,1044.846
4000,1191.4244
4000,1154.6162
4000,959.9767
4000,1131.0306
4000,1065.8285
4000,1143.8969
4000,1013.6005
4000,950.4859
4000,1004.1454
4000,862.6428
4000,1144.4586
4000,1002.0384
4000,1101.4119
4000,1034.6206
4000,1016.2723
4000,926.2807
4000,1054.4442
4000,962.1729
4000,1042.1554
4000,1026.9134
4000,1039.6831
4000,1014.4759
4000,996.5748000000003
4000,1081.6602
4000,1138.402
4000,936.4443000000003
4000,1085.1876
4000,987.9019000000003
4000,991.4831
4000,935.4448000000003
4000,995.842
4000,946.4918
4000,1082.9315
4000,907.7941
4000,1048.1893
4000,1047.957
4000,907.9036
4000,997.0846
4000,970.0930000000001
4000,1011.669
4000,1077.47
4000,992.6986
4000,1056.9204
4000,1086.0878
4000,960.8506
4000,978.8777000000003
4000,868.5416
4000,1008.1382
4000,1037.6455
4000,942.8589
4000,891.3546
4000,1068.2752
4000,1009.5072
4000,980.4346000000003
4000,1081.2359
4000,1241.5353
4000,974.6415
4000,1040.597
4000,928.6389
4000,924.9527000000003
4000,1039.4679
4000,963.6522
4000,958.4073
4000,1063.3404
4000,980.7151
4000,982.322
4000,933.5406
4000,1170.4511000000002
4000,910.2607000000003
4000,1070.0771000000002
4000,943.3207000000003
4000,994.1277000000003
4000,940.1833
4000,1106.3965
4000,1055.9537
4000,1104.5791000000004
4000,1053.4014
4000,804.6034
4000,1003.1084
4000,1106.3579
4000,1161.0558
4000,989.9607
4000,1014.6167
4000,1005.8677
4000,921.8232000000003
4000,987.8786000000003
4000,1150.2873
4000,1036.5414
4000,1084.1008
4000,1151.8573
4000,874.1310000000001
4000,972.9701
4000,1044.8571
4000,1004.6797
4000,1157.9698
4000,1005.57
4000,1121.7507
4000,1084.8905
4000,944.8864
4000,919.4463
4000,1054.0733
4000,957.6083
4000,928.5042000000003
4000,993.4229
4000,875.6183000000002
4000,1071.7567
4000,976.6003
4000,1077.4636
4000,923.6024000000003
4000,978.3238000000003
4000,1104.1696
4000,1173.5846
4000,908.4222
4000,1023.4317
4000,1050.657
4000,901.2956
4000,947.8242000000004
4000,976.5269999999999
4000,1110.3744
4000,983.6020000000003
4000,1093.349
4000,1146.9975
4000,971.8342
4000,927.8115
4000,1017.1728
4000,1022.8551
4000,905.4505
4000,938.4944
4000,1087.6879
4000,1081.5348
4000,1007.1642
4000,1053.4363
4000,1051.3166
4000,1054.7136
4000,1001.9593
4000,892.3762
4000,1068.2769
4000,1200.938
4000,1049.7476
4000,944.5541000000003
4000,992.3464000000004
4000,986.1037
4000,981.6119
4000,994.2759000000003
4000,917.0751
4000,1119.8267
4000,1000.4058
4000,890.0155000000002
4000,1199.9075
4000,1022.6586
4000,925.7266
4000,1020.4981
4000,1087.0694
4000,957.1651
4000,1021.5636
4000,991.4605
4000,946.6871000000003
4000,911.0277
4000,1101.8516
4000,964.5175
4000,947.4126
4000,973.0321
4000,1101.0936
4000,967.0291
4000,1039.9353
4000,940.7216
4000,993.5773000000003
4000,977.513
4000,1045.0381
4000,1070.4390000000003
4000,1108.3721
4000,1152.1057
4000,1075.5931
4000,994.8388000000003
4000,1097.783
4000,1082.8532
4000,910.6726000000003
4000,1213.8149
4000,810.3716999999998
4000,979.9865000000003
4000,906.5255
4000,976.575
4000,1041.7648
4000,1129.3063
4000,908.1418000000003
4000,970.2743000000003
4000,1050.9584
4000,1056.5004
4000,1066.404
4000,945.1845
4000,977.7645
4000,1079.3411
4000,1041.6332
4000,976.5883000000003
4000,1025.0734
4000,1079.8792
4000,1014.1823
4000,1147.0658
4000,1004.4356
4000,957.1791000000003
4000,1122.1979
4000,957.5648
4000,867.0247
4000,955.9401000000003
4000,963.2341000000004
4000,1005.5036
4000,1068.2489
4000,974.0954000000003
4000,1077.2299
4000,943.4928
4000,1173.5497
4000,1093.9175
4000,968.3561
4000,1069.7159
4000,929.9077
4000,1032.2279
4000,1031.285
4000,1092.1459
4000,1037.8575
4000,1043.8045
4000,1012.94
4000,1029.1339
4000,963.0763000000003
4000,1180.2978
4000,1063.757
4000,951.6929
4000,995.0553
4000,999.5906
4000,1141.0153
4000,908.6423
4000,943.962
4000,1020.5834
4000,918.2340000000003
4000,1076.2434000000003
4000,1118.3523000000002
4000,1207.6078
4000,1078.4558
4000,965.1808
4000,766.357
4000,973.8888000000003
4000,1130.3707
4000,881.7332999999999
4000,1015.2558
4000,1033.2926
4000,1028.8631
4000,1108.9675
4000,1100.6331
4000,1029.8989
4000,968.1325
4000,1079.6435
4000,1063.8538
4000,1034.4904
4000,1034.8737
4000,920.1773
4000,979.4112
4000,1159.9449
4000,994.6938000000004
4000,952.4373
4000,934.8609
4000,1095.6574
4000,1056.1434
4000,961.5333
4000,1075.3097
4000,982.9642
4000,868.1288999999998
4000,1022.902
4000,1137.2954
4000,971.6761000000004
4000,932.069
4000,1028.8815
4000,1040.8252
4000,1020.5081
4000,900.2329
4000,1147.8277
4000,1006.2318
4000,919.2921
4000,999.0844000000003
4000,995.0851
4000,1077.1828
4000,1079.7969
4000,956.3040000000003
4000,1038.4436
4000,1075.4221
4000,978.8493
4000,864.9276
4000,1073.6452
4000,1103.9177
4000,1050.3731
4000,1091.8824
4000,949.8185
4000,1032.4609
4000,1232.3935
4000,1023.7107
4000,939.2187
4000,866.6732999999998
4000,1136.0548
4000,1157.4382
4000,1141.0382
4000,935.0313000000003
4000,1040.4975
4000,1046.0912000000003
4000,1009.8524
4000,1057.7048
4000,927.3389000000003
4000,940.0868000000003
4000,987.0928000000004
4000,1081.2113
4000,1072.4457
4000,1059.1444
4000,918.3765
4000,956.7591
4000,898.6648
4000,1140.6622
4000,1026.7971
4000,847.5506
4000,1070.9228
4000,923.7716
4000,950.3387
4000,900.1092999999997
4000,950.3724
4000,1019.6056
4000,930.2334
4000,1055.1552
4000,1092.3478
4000,972.4353
4000,1028.3939
4000,1076.8757
4000,1106.4915
4000,919.5599
4000,969.9498000000003
4000,950.8504
4000,963.7072
4000,941.3328000000004
4000,1010.2336
4000,1055.007
4000,985.4646
4000,920.3226
4000,986.9023000000003
4000,1138.8272
4000,991.7713000000003
4000,988.5233000000003
4000,1022.3225
4000,944.455
4000,931.7465
4000,1018.8946
4000,968.6781000000003
4000,984.0239999999999
4000,1113.2419
4000,1218.7885
4000,974.0197
4000,1036.1145
4000,949.3401
4000,1015.5255
4000,1057.8751
4000,1038.1261
4000,1183.3507
4000,970.5852
4000,970.4441000000003
4000,1017.2097
4000,942.5113000000003
4000,1027.0156000000004
4000,1100.6854
4000,833.0472
4000,1188.0513
4000,966.1182
4000,1015.2724
4000,1064.7816
4000,1037.8789
4000,883.8514
4000,1115.6295000000002
4000,992.7241
4000,1028.7736
4000,1012.3328
4000,1010.6062
4000,1055.7537
4000,952.0814000000003
4000,1089.2162000000003
4000,1035.9397
4000,1134.8997
4000,1004.6507
4000,1200.4199
4000,909.9543
4000,1011.7425
4000,1039.2282
4000,955.2051
4000,1018.3104
4000,997.6835
4000,990.7130000000001
4000,1048.9961
4000,1037.4711
4000,1319.6309
4000,883.0972
4000,987.3734
4000,1165.2778
4000,874.0012
4000,1019.6731
4000,1010.323
4000,888.6988
4000,989.4795000000003
4000,945.0162000000003
4000,1115.9225
4000,1098.4042
4000,1039.2718
4000,1064.2475
4000,1056.1776
4000,1002.2953
4000,849.3140999999998
4000,1095.3257
4000,1039.7031000000004
4000,915.625
4000,920.567
4000,961.7552000000003
4000,982.7824000000003
4000,974.44
4000,903.2824000000003
4000,1056.8068
4000,1057.7658
4000,1109.1818
4000,1082.3772
4000,1007.5359
4000,1107.1682
4000,889.4662
4000,1051.3424
4000,971.2719000000003
4000,1013.638
4000,922.7843
4000,1234.7827
4000,1064.8706
4000,976.8237000000003
4000,1084.921
4000,955.3353000000003
4000,1137.7509
4000,1002.0946
4000,904.7313
4000,1030.0827
4000,962.3332
4000,890.6205
4000,1044.8642
4000,819.0980000000001
4000,905.3592
4000,945.3575000000003
4000,1005.3547
4000,1187.0064
4000,1161.0207
4000,1159.6721
4000,942.5803000000003
4000,979.7895000000003
4000,1159.9509
4000,1225.3332
4000,1079.751
4000,968.5167000000004
4000,1113.5269
4000,1003.1661
4000,992.5044
4000,1016.894
4000,1070.3243
4000,970.5928000000004
4000,999.7782
4000,1005.5253
4000,1058.9586
4000,968.9553000000003
4000,976.2548
4000,959.4887
4000,1059.8513000000003
4000,901.4538000000003
4000,992.1384
4000,1082.8885
4000,1135.5533
4000,929.1386
4000,1115.1748
4000,972.4307
4000,1090.9069
4000,917.7025
4000,934.2357
4000,1075.7406
4000,1080.0554
4000,988.8878000000003
4000,955.5426
4000,1038.1953
4000,915.0075
4000,1113.3982
4000,1034.5036
4000,1082.507
4000,1051.9309000000003
4000,1016.5223
4000,962.6733
4000,872.4196999999998
4000,1003.3973
4000,1086.2168
4000,917.1011
4000,1058.4805
4000,885.4816
4000,1082.8793
4000,1146.392
4000,982.3985
4000,925.7885000000003
4000,924.5569
4000,1008.7195
4000,1094.0042
4000,1035.0005
4000,923.4257
4000,925.504
4000,1036.8171
4000,1036.0458
4000,973.0123000000003
4000,1084.5738
4000,881.5327000000002
4000,925.5866
4000,1003.3183
4000,1089.244
4000,938.653
4000,1101.2059
4000,1188.1024
4000,994.6349
4000,977.1641
4000,970.0229000000003
4000,997.0174
4000,858.8143000000001
4000,992.871
4000,1023.6623
4000,1002.8982
4000,1119.5788
4000,1252.9977
4000,939.3745
4000,1071.0207
4000,1026.5138
4000,929.2644
4000,924.5993
4000,992.9820000000003
4000,977.0825
4000,993.4641
4000,965.1327000000003
4000,999.1571
4000,925.3767000000003
4000,1001.6673
4000,1057.7578
4000,997.0043
4000,1049.4032
4000,1101.6615
4000,1107.3717
4000,985.6265
4000,1102.4444
4000,867.6724999999999
4000,1015.0634
4000,996.7767
4000,1071.5513
4000,1051.4661
4000,997.1141000000003
4000,969.6938000000004
4000,953.8463
4000,936.7341000000004
4000,1048.6587
4000,1140.5724
4000,1077.9849
4000,889.1819000000003
4000,975.7029
4000,1065.4905
4000,1087.9554
4000,1031.1155
4000,999.6580000000004
4000,1181.0734
4000,928.9019999999999
4000,871.5203000000001
4000,992.0101
4000,966.2676
4000,1083.1177
4000,897.4016
4000,1014.5942
4000,948.3386
4000,943.1457
4000,1098.7445
4000,1038.547
4000,1190.0644
4000,951.3860000000001
4000,865.5811000000001
4000,1067.5626
4000,1006.2337
4000,1113.6086
4000,1120.1402
4000,976.0005
4000,987.0651000000003
4000,997.2387
4000,1170.7847
4000,1002.131
4000,1057.0453
4000,986.2034
4000,1159.6901
4000,1058.9121
4000,975.1768
4000,1080.2187
4000,917.2322
4000,865.1579000000003
4000,920.7880000000004
4000,1264.5589
4000,899.1084999999998
4000,991.2071
4000,1023.5342
4000,965.5531000000003
4000,1102.351
4000,988.1422000000003
4000,1045.4409
4000,882.6572
4000,921.7933
4000,1070.1656
4000,1156.1677
4000,1066.1466
4000,898.1254
4000,922.8174
4000,854.6196
4000,974.4881000000003
4000,941.8591000000004
4000,930.1442000000003
4000,1025.3455
4000,1023.442
4000,1146.034
4000,1202.494
4000,919.0254000000003
4000,983.6718
4000,1054.8509
4000,960.3816000000003
4000,930.8881
4000,985.6849
4000,1013.728
4000,1100.7857
4000,949.6578
4000,1084.3956
4000,1037.0672
4000,1003.9107
4000,987.7394
4000,1008.0803
4000,1163.5869
4000,999.5992
4000,919.565
4000,1095.3789
4000,1164.8035
4000,989.2764000000003
4000,992.0538
4000,980.1797
4000,1044.8714
4000,1142.6024
4000,1046.0857
4000,1003.9769
4000,1033.1638000000003
4000,1031.3825
4000,1007.4999
4000,964.5268000000003
4000,1043.6981
4000,1009.2308
4000,1047.6118
4000,1025.5092
4000,990.3076000000003
4000,914.4851
4000,1011.5464
4000,931.0305
4000,1030.2039
4000,1030.7679
4000,1095.556
4000,1153.6874
4000,1044.0419
4000,1018.4092
4000,981.2273
4000,1013.4468
4000,1074.5815
4000,952.2123000000003
4000,1100.6278
4000,975.5968
4000,1078.5742
4000,955.1560000000001
4000,987.8568
4000,955.3295
4000,961.6782
4000,1099.0277
4000,982.8216
4000,1138.7015
4000,967.4249
4000,1022.9414
4000,940.2435000000003
4000,1048.1491
4000,1047.7719
4000,1000.1021
4000,1015.0079
4000,1103.8376
4000,1092.2739
4000,1016.334
4000,969.9311000000004
4000,1018.3276
4000,936.8915
4000,983.9150000000003
4000,964.2041
4000,947.7358
4000,1027.9905
4000,1086.2626000000002
4000,1048.8316
4000,985.1252000000003
4000,1087.7065
4000,1081.3863
4000,1037.1575
4000,857.0763000000002
4000,923.2
4000,982.694
4000,917.6296000000003
4000,939.7430000000003
4000,986.2003000000003
4000,1176.7966
4000,994.6638
4000,939.5743000000003
4000,1020.1748
4000,1013.6526
4000,893.3158
4000,1064.5231
4000,870.8077
4000,1025.5436
4000,1027.3199
4000,1026.3118
4000,1089.919
4000,982.7103000000003
4000,924.8913000000003
4000,943.4934
4000,966.7876
4000,1020.7356
4000,1127.2077
4000,1069.9554
4000,1129.7571
4000,1000.9576
4000,918.6938000000004
4000,909.4335
4000,1097.6976
4000,1008.4848
4000,1011.0755
4000,1034.6349
4000,1200.915
4000,934.8979000000003
4000,978.2278
4000,996.8325
4000,963.6760000000003
4000,1026.0308
4000,1108.9757
4000,865.2233
4000,1019.6385
4000,1034.4139
4000,1030.7598
4000,980.0209000000003
4000,1003.7068
4000,1025.3453
4000,841.8575000000002
4000,1140.6074
4000,1130.0921
4000,1052.5795
4000,907.5204000000003
4000,994.0533
4000,971.5083000000003
4000,1172.9381
4000,984.4862
4000,887.4715000000001
4000,992.5656000000004
4000,1131.2186
4000,1149.6662
4000,1055.1903
4000,925.6016
4000,1017.1195
4000,1112.1127
4000,1014.8488
4000,946.706
4000,976.6086000000003
4000,900.2510000000002
4000,1002.0809
4000,1050.7831
4000,936.0055
4000,973.7661
4000,1057.8411
4000,1078.4205
4000,983.5623
4000,1021.0896
4000,1046.9006
4000,1070.1124
4000,1036.3063
4000,949.7534
4000,1081.2343
4000,1032.5811
4000,1119.5012
4000,960.7663000000003
4000,929.7995000000003
4000,960.0758000000003
4000,886.7836
4000,976.3152000000003
4000,957.6534000000003
4000,1062.3786
4000,995.9385
4000,1012.737
4000,921.7405
4000,925.4408
4000,1073.4542
4000,1026.6441
4000,902.8145
4000,981.4516
4000,962.0722000000003
4000,1240.474
4000,1172.4503
4000,910.5386
4000,948.1593
4000,1040.4193
4000,1026.6397
4000,1041.9196
4000,941.0508
4000,1091.3153
4000,877.9044
4000,935.6409
4000,1032.8598
4000,961.4613000000003
4000,1058.0488
4000,1030.0344
4000,952.4499
4000,1009.9926
4000,1039.0641
4000,1040.5188
4000,895.6160000000001
4000,965.1802
4000,1144.6069
4000,1025.9573
4000,1000.3535
4000,1034.7291
4000,993.1433000000003
4000,1075.9321
4000,1009.0428
4000,1060.6478
4000,1002.3465
4000,980.2561000000003
4000,1001.1018
4000,938.0858000000003
4000,1068.8221
4000,1007.064
4000,1136.6877
4000,1009.3008
4000,1106.6519
4000,1122.5663
4000,900.9930000000003
4000,959.2178000000004
4000,1084.0975
4000,1187.3561
4000,1037.1242
4000,1144.3731
4000,1018.3606
4000,983.1393000000003
4000,934.8009
4000,1074.9784
4000,1105.9695
4000,1056.4434
4000,878.0711
4000,892.7744
4000,955.2844000000003
4000,1191.9987
4000,1006.9422
4000,999.3291
4000,1008.7213
4000,1024.7238
4000,978.6706
4000,855.4388
4000,1010.6968
4000,898.1021
4000,904.1709
4000,954.2716
4000,1023.0436
4000,932.4839
4000,954.8942000000003
4000,1022.6361
4000,1063.2404
4000,1047.6278
4000,1305.3531
4000,1090.846
4000,858.2187000000001
4000,1028.2766
4000,1131.6995
4000,1172.1324
4000,1173.2727
4000,931.8573
4000,953.0508
4000,968.7753000000004
4000,1037.61
4000,880.3740999999999
4000,1029.4979
4000,964.9538000000003
4000,929.0317
4000,1129.8612
4000,1095.5607
4000,986.0704
4000,944.9026
4000,932.1039000000003
4000,1110.4224
4000,1074.4303
4000,1031.1143
4000,893.8174
4000,1003.442
4000,1002.8745
4000,919.7454
4000,1130.8007
4000,1062.5098
4000,1067.8936
4000,958.4515
4000,1018.4202
4000,1069.9512
4000,1015.6202
4000,1012.0427
4000,1118.3017
4000,915.3217
4000,964.3099
4000,1013.5061
4000,1061.9534
4000,1034.012
4000,969.7708000000003
4000,986.2631
4000,957.9621
4000,998.8691000000003
4000,999.7087
4000,1038.2485
4000,929.4845000000003
4000,933.1886000000003
4000,1084.7711
4000,976.4254
4000,905.0453
4000,890.2375000000002
4000,1017.9323
4000,1170.8964
4000,1113.3741
4000,1122.736
4000,1003.1525
4000,887.9780999999998
4000,976.2383
4000,1068.5717
4000,991.8061000000004
4000,896.1838
4000,1070.658
4000,1163.0658
4000,1056.7313
4000,1072.4506
4000,1204.8735
4000,1173.0443
4000,934.6308
4000,1002.8045
4000,1039.777
4000,1045.4324
4000,981.7694000000004
4000,1068.9452
4000,981.2067000000003
4000,971.6523000000003
4000,1163.5572
4000,1061.6165
4000,905.6238
4000,1109.6256
4000,1085.875
4000,1033.106
4000,842.4912
4000,1023.7169
4000,953.9426000000003
4000,1015.3012
4000,1002.4748
4000,987.1186000000004
4000,996.9739000000003
4000,1035.3403
4000,917.3763
4000,809.5939000000002
4000,1019.2048
4000,1037.7743
4000,924.8174
4000,1013.9842
4000,1121.8479
4000,882.9342
4000,950.1778
4000,956.995
4000,1020.6476
4000,919.6731
4000,1017.1347
4000,1028.7225
4000,845.8056999999999
4000,971.1519000000003
4000,950.1806000000003
4000,1091.957
4000,921.186
4000,978.082
4000,1017.1789
4000,935.1826000000003
4000,894.4685
4000,986.3186000000003
4000,922.257
4000,935.1565000000003
4000,1004.613
4000,1022.4924
4000,944.6766000000003
4000,910.2765
4000,1043.3025
4000,1014.862
4000,1039.0149
4000,907.0896
4000,1001.9548
4000,1058.9363
4000,1048.6264
4000,1083.5512
4000,1055.6876
4000,920.7302
4000,1027.277
4000,990.9939
4000,924.3096000000003
4000,1116.4127
4000,1086.1661
4000,899.5279000000003
4000,1027.9654
4000,996.202
4000,1064.647
4000,1084.5708
4000,1186.7883
4000,978.5151
4000,878.2429
4000,1031.2947
4000,1055.5143
4000,911.0919
4000,928.5593
4000,899.9295000000002
4000,1095.4208
4000,1099.6515
4000,1111.8886000000002
4000,824.9014
4000,907.7996000000003
4000,1026.11
4000,1103.1647
4000,895.9443000000001
4000,1035.3466
4000,1010.2404
4000,929.0703000000003
4000,989.4604000000003
4000,983.7458
4000,998.4609000000003
4000,1087.1868
4000,935.3832000000003
4000,1169.0935
4000,1015.568
4000,947.0198000000003
4000,1079.5516
4000,1015.7507
4000,1017.8712
4000,929.4200000000003
4000,949.6025000000003
4000,1077.6358
4000,934.2632000000003
4000,947.0277
4000,1019.9179
4000,1024.5704
4000,1005.8923
4000,970.9573000000003
4000,1030.0105
4000,1069.7782
4000,1077.992
4000,1069.921
4000,899.1796
4000,946.1979
4000,1111.0202
4000,1208.0969
4000,948.3961
4000,879.3467
4000,1019.4925
4000,1037.3018
4000,1007.6643
4000,836.0826
4000,1107.0962
4000,991.0637000000003
4000,933.0861
4000,956.7069000000004
4000,1020.6631
4000,1014.1554
4000,1011.7678
4000,961.3433000000003
4000,1018.5994
4000,1039.7262
4000,966.2469
4000,903.4173
4000,1089.5035000000003
4000,1070.7449
4000,911.1332000000003
4000,994.1841000000003
4000,871.8569
4000,950.3314000000003
4000,1089.2014
4000,1000.5682
4000,942.9423
4000,908.5515
4000,1085.5263
4000,934.2011
4000,886.9939999999999
4000,1050.6388
4000,957.6628
4000,1078.6657
4000,953.5698000000003
4000,1120.2365
4000,1127.2826
4000,1027.4699
4000,1061.9235
4000,1122.3818
4000,811.0892
4000,1012.5962
4000,901.9394
4000,997.8500000000003
4000,1000.5647
4000,956.9321000000003
4000,931.4564000000003
4000,1049.5659
4000,840.462
4000,1144.8963
4000,963.0549
4000,1024.2199
4000,844.2783000000002
4000,1032.6915
4000,1035.5463
4000,1014.4982
4000,1029.0596
4000,860.5639000000001
4000,1063.0537
4000,1047.1294
4000,862.5176
4000,1009.6665
4000,1010.4946
4000,1096.6377
4000,941.4242
4000,902.0019
4000,937.8705
4000,1016.7722
4000,981.7575
4000,965.3393000000003
4000,1085.2999
4000,1011.212
4000,945.9203
4000,957.6906000000004
4000,977.2267
4000,1104.7522
4000,1080.8649
4000,951.832
4000,1138.6411
4000,1125.1926
4000,1021.9635
4000,1087.0912000000003
4000,1042.3039
4000,1132.8068
4000,928.6429
4000,1159.3344
4000,1002.5318
4000,893.4176999999999
4000,1130.0399
4000,1048.8169
4000,989.6577
4000,915.1717
4000,1066.8729
4000,1078.147
4000,1122.8854
4000,887.0958
4000,943.9126
4000,946.5990000000003
4000,903.7631
4000,912.0947
4000,1044.2321
4000,1189.3192
4000,1003.1948
4000,942.5683
4000,1028.9388
4000,1024.83
4000,949.3802000000003
4000,1018.2169
4000,1019.0048
4000,1021.0646
4000,991.9474
4000,950.6122
4000,998.9186
4000,1010.14
4000,916.2698000000003
4000,1052.1937
4000,933.8622
4000,964.3968000000003
4000,995.9580000000001
4000,961.9921000000003
4000,1042.171
4000,1004.7064
4000,1005.8052
4000,902.2390000000003
4000,1037.6967
4000,969.3530000000003
4000,860.7684
4000,1020.2308
4000,1076.4306
4000,1044.0958
4000,1007.1551
4000,1115.0774
4000,881.7274
4000,1109.3035
4000,996.9784000000003
4000,1138.1449
4000,1003.5582
4000,868.8107000000001
4000,1018.3442
4000,1123.1931
4000,1062.0178
4000,952.8894
4000,1046.5894
4000,1234.0239
4000,1034.2649
4000,969.8084
4000,954.2806
4000,1052.6616
4000,1237.9598
4000,1182.7979
4000,977.4474
4000,952.9409
4000,1020.116
4000,1197.8427
4000,1043.2849
4000,979.5677000000003
4000,943.445
4000,929.6869
4000,1027.8236
4000,951.3521
4000,900.2838
4000,941.5947
4000,896.8166
4000,962.7093000000003
4000,984.3835
4000,1027.5669
4000,1065.7511
4000,1120.33
4000,1014.8137
4000,1055.7519
4000,1102.8063
4000,1048.6578
4000,883.4119999999999
4000,927.6441
4000,1006.2642
4000,1104.7278
4000,999.7889000000004
4000,920.5119
4000,991.3285
4000,1103.2804
4000,967.8367
4000,1015.5175
4000,1128.0201
4000,1079.4921
4000,1032.7862
4000,1035.5044
4000,1161.7048
4000,1112.7152
4000,1080.0973
4000,1025.2392
4000,1130.0461
4000,953.4399
4000,878.1882
4000,997.0215
4000,850.3863000000001
4000,1019.6711
4000,962.6378000000003
4000,1098.2797000000003
4000,1025.5949
4000,917.5176
4000,994.7177
4000,1038.3037
4000,842.0142
4000,972.2636
4000,963.1113
4000,1001.1562
4000,977.3060000000003
4000,1021.6804
4000,892.0668999999998
4000,1072.8705
4000,1047.4616
4000,1176.1738
4000,926.6577
4000,1057.6987
4000,1007.0028
4000,1230.8222
4000,1090.0898
4000,1064.3918
4000,1015.1813
4000,950.6228
4000,887.6280999999999
4000,933.7466000000003
4000,1072.5004
4000,983.4656
4000,1170.795
4000,1164.805
4000,1019.5224
4000,1076.8348
4000,916.444
4000,991.9873
4000,1045.643
4000,1118.2034
4000,1095.4062
4000,1081.2399
4000,995.5042000000003
4000,978.5943000000003
4000,1078.5412
4000,941.2484
4000,1078.8581
4000,1075.1093
4000,920.7649
4000,924.6293
4000,1082.2877
4000,1005.2682
4000,1030.6484
4000,1024.0372
4000,1137.524
4000,1085.4832
4000,1002.3153
4000,965.188
4000,926.4135000000003
4000,938.2360000000003
4000,936.7129000000003
4000,965.4935000000003
4000,995.0194000000004
4000,914.4333
4000,1082.3797
4000,902.9537
4000,1093.0282
4000,898.1224
4000,863.3474
4000,1010.4966
4000,950.9081
4000,946.2519
4000,1007.5152
4000,918.4579
4000,1042.8691
4000,927.6731000000003
4000,965.4689000000003
4000,1084.6397
4000,1013.0243
4000,1043.3111
4000,964.1423000000003
4000,1004.369
4000,940.5485000000003
4000,940.2989
4000,903.8258000000003
4000,923.9242
4000,1011.8982
4000,939.3827000000003
4000,1120.9058
4000,985.0380000000004
4000,937.7018000000003
4000,912.6195
4000,951.1835
4000,1221.6906
4000,1040.5337
4000,1071.8488
4000,1005.3916
4000,991.4299
4000,1023.617
4000,965.7155
4000,1028.8845
4000,900.7024999999999
4000,1108.2823
4000,971.4231000000003
4000,978.7250000000003
4000,930.0548
4000,936.6568000000003
4000,959.3201
4000,1052.4729
4000,945.1481
4000,1164.4539
4000,1149.4305
4000,912.2300000000004
4000,1008.8212
4000,996.3769
4000,994.7545
4000,1001.3026
4000,1074.7791
4000,833.1523000000002
4000,1021.991
4000,1040.9195
4000,939.4971000000003
4000,1150.462
4000,1034.1118
4000,1102.2713
4000,1022.9978
4000,1115.3067
4000,1004.112
4000,1020.8758
4000,961.6802
4000,1068.9430000000002
4000,967.8895
4000,1139.5015000000005
4000,1043.944
4000,955.0371
4000,872.5958
4000,989.5832
4000,1231.174
4000,925.3512
4000,952.2664
4000,1123.3636
4000,1047.3306
4000,850.0454
4000,1086.603
4000,1053.6796
4000,925.5955000000004
4000,1017.143
4000,1107.1593
4000,1108.0193
4000,1071.5037
4000,955.0187000000003
4000,941.8304
4000,1072.18
4000,1009.7083
4000,981.1786000000003
4000,999.3002
4000,1190.9563
4000,993.4014000000003
4000,930.2617000000004
4000,1094.2526
4000,1168.9678
4000,903.4391
4000,1063.0492
4000,1070.4585
4000,958.4735000000003
4000,1081.6606
4000,988.4483000000004
4000,1076.8992
4000,1009.9285
4000,1065.3199
4000,1051.9912
4000,1069.5262
4000,1071.5634
4000,1105.0901
4000,977.0807000000003
4000,1054.0319
4000,1012.2488
4000,1119.5785
4000,1089.1161
4000,1071.2161
4000,1082.6831
4000,1108.043
4000,1103.4305
4000,848.9704
4000,1053.487
4000,1255.0521
4000,1084.4125
4000,972.2093000000003
4000,1043.897
4000,937.3139
4000,1007.4234
4000,956.5591000000003
4000,1084.3301
4000,995.4526
4000,1170.7963
4000,1017.4853
4000,1053.6626
4000,1050.0384
4000,962.8787000000003
4000,1024.1087
4000,1108.1958
4000,972.6973000000003
4000,923.5598
4000,1028.3931
4000,957.3809
4000,1014.3646
4000,803.4182
4000,1004.0135
4000,1113.5768
4000,960.2839000000004
4000,955.5911
4000,968.6475
4000,1083.4886
4000,1125.6822
4000,1122.8666
4000,1080.3957
4000,991.8348000000003
4000,1142.3014
4000,1122.0288
4000,1045.2246
4000,1026.9783000000002
4000,893.7304
4000,1006.4428
4000,952.5756
4000,925.6307000000003
4000,1022.1568
4000,912.1884
4000,977.4953
4000,1032.0267
4000,1053.7078
4000,888.2362
4000,936.4882
4000,910.0637000000003
4000,1107.232
4000,1042.3419
4000,1006.3286
4000,1097.8591
4000,890.1743000000001
4000,1072.0519000000004
4000,1001.119
4000,1022.5305
4000,1030.3018
4000,940.5983
4000,930.5371
4000,1112.2242
4000,1009.1256
4000,966.1056
4000,977.4998
4000,930.7894000000003
4000,1016.5377
4000,1144.8354
4000,924.7015
4000,1193.1910000000005
4000,1031.7286
4000,911.0939
4000,999.0273000000003
4000,949.9070000000003
4000,1134.508
4000,1015.4349
4000,1035.7785
4000,1011.5845
4000,960.9935000000003
4000,1052.9322
4000,1051.2164
4000,1180.9621
4000,1064.0587
4000,926.0248000000003
4000,1037.0555
4000,1019.3208
4000,919.2365
4000,887.6092
4000,1012.5705
4000,902.9558000000003
4000,918.1740000000003
4000,934.6842000000003
4000,973.8922000000003
4000,927.2516000000003
4000,1088.7664
4000,909.7488
4000,984.5513
4000,1260.84
4000,981.4160000000003
4000,843.3488999999997
4000,1139.356
4000,1062.6326
4000,1030.8942
4000,967.7930000000003
4000,1032.7372
4000,993.643
4000,1008.8633
4000,906.2933
4000,953.9774000000003
4000,1185.6474
4000,1108.2401
4000,1009.709
4000,1197.1102
4000,1052.946
4000,1112.7742
4000,1007.3033
4000,986.9124000000003
4000,948.0520000000004
4000,1176.7941
4000,1052.739
4000,1005.6423
4000,1014.0709
4000,905.1054000000003
4000,980.9806
4000,1010.0567
4000,1012.022
4000,1036.0683
4000,1111.8832
4000,848.7848
4000,1131.2345
4000,1121.3745
4000,832.29
4000,1009.5777
4000,926.9572
4000,1006.6769
4000,1034.4969
4000,934.565
4000,984.7423
4000,1069.8835
4000,987.4727
4000,1138.6668000000002
4000,1000.6416
4000,1029.3925
4000,942.6481
4000,1103.5844
4000,1266.9974
4000,969.1953000000003
4000,932.2512000000003
4000,977.5807000000003
4000,964.5093000000003
4000,978.4574000000003
4000,1022.3752
4000,1084.2226
4000,932.765
4000,1046.1159
4000,1056.9881
4000,1058.1993
4000,1127.622
4000,914.2129
4000,994.7408
4000,1000.1075
4000,1063.6346
4000,909.0263
4000,892.1484999999999
4000,1067.437
4000,960.3713
4000,977.6192000000003
4000,840.8855000000002
4000,926.3571000000003
4000,1248.1206
4000,1007.537
4000,1046.4722
4000,985.9407000000003
4000,968.6343000000003
4000,1032.121
4000,1111.1991
4000,1041.3336
4000,992.6777
4000,938.2733000000003
4000,1038.1599
4000,1002.3286
4000,1052.9182
4000,1023.551
4000,860.3610000000001
4000,997.6961
4000,915.998
4000,1083.2377
4000,980.0324000000003
4000,971.2071
4000,971.0276
4000,1057.5714
4000,1174.0969
4000,1023.5552
4000,1088.5109
4000,1105.0649
4000,948.7751
4000,962.3628
4000,973.3408000000003
4000,922.3472
4000,938.2288
4000,989.4022
4000,1097.8591
4000,997.2076
4000,940.5192000000003
4000,958.6663
4000,892.6401
4000,1020.6463
4000,988.3279
4000,1080.6927
4000,1065.6471
4000,1013.8081
4000,975.2855000000003
4000,1051.14
4000,1000.669
4000,954.7839000000004
4000,968.0313000000003
4000,943.5036000000003
4000,1021.6885
4000,1136.0962
4000,910.2707
4000,922.0644
4000,951.0608
4000,862.158
4000,1114.0
4000,1007.0871
4000,1051.9705
4000,1020.2093
4000,925.4353
4000,1003.6725
4000,889.8462
4000,1044.3025
4000,1198.8437
4000,855.4939999999999
4000,970.3338000000003
4000,946.3913000000003
4000,924.3921
4000,1068.6177
4000,1021.7192
4000,1110.701
4000,897.4843000000002
4000,868.1163000000001
4000,1029.1415
4000,975.8386
4000,956.3029
4000,865.0866
4000,1000.3951
4000,976.2268
4000,942.4451
4000,967.6050000000004
4000,841.535
4000,1029.2282
4000,954.8371
4000,977.6381
4000,1120.4793000000002
4000,1049.5247
4000,1049.9755
4000,973.3348000000003
4000,973.4214
4000,1144.3273
4000,1062.6025
4000,896.7081
4000,1032.2351
4000,1085.1748
4000,1043.4114
4000,989.9997000000003
4000,1039.444
4000,1030.3088
4000,1059.4257
4000,978.9031
4000,902.3177
4000,924.2812
4000,1066.7294
4000,1076.1395
4000,1107.8727
4000,1011.7067
4000,1050.6983
4000,942.5378
4000,1181.2918000000002
4000,1185.1724
4000,1116.4759
4000,906.8711
4000,1039.4162
4000,972.0063000000004
4000,1075.6511
4000,962.6477
4000,1109.8593
4000,1046.7617
4000,924.7130000000001
4000,959.4301000000003
4000,949.4346000000003
4000,1003.305
4000,1002.5514
4000,1009.8572
4000,1078.0585
4000,937.6295
4000,1140.3841
4000,962.7941000000003
4000,924.8843000000003
4000,943.6673
4000,986.4783
4000,1170.0339
4000,1091.2643
4000,970.9195000000003
4000,978.9334
4000,1085.7514
4000,1024.0084
4000,1241.5581
4000,1102.7711
4000,940.8693
4000,934.9674000000003
4000,1061.5505
4000,1245.7111
4000,939.6716000000004
4000,1074.804
4000,960.8397
4000,980.4153
4000,1163.6628000000005
4000,981.9504
4000,1091.3812
4000,1002.5469
4000,1157.3179
4000,898.1478
4000,1051.8344
4000,1099.1815
4000,1017.3001
4000,1116.3805000000002
4000,1049.1974
4000,1001.9798
4000,997.995
4000,1098.4036
4000,1015.1046
4000,1103.1105
4000,920.9988
4000,1013.6367
4000,1048.4324
4000,1143.4149
4000,900.7873
4000,912.0831
4000,939.5391
4000,1074.8891
4000,943.2727
4000,865.2728999999998
4000,795.6058
4000,1043.6272
4000,1033.8506
4000,1223.694
4000,885.2795000000001
4000,932.9539
4000,978.3774
4000,922.1028
4000,1034.1727
4000,1055.8786
4000,845.6672
4000,977.6797
4000,1012.0637
4000,969.9242
4000,962.1435
4000,1070.9559
4000,1113.3911
4000,1065.9072
4000,943.4679000000003
4000,1071.4137
4000,1000.0051
4000,1014.4069
4000,882.1984
4000,938.7697
4000,924.9922
4000,914.7325
4000,896.335
4000,1094.4979
4000,997.4028000000003
4000,1005.2231
4000,982.7295000000003
4000,1019.2738
4000,1047.228
4000,921.1464000000003
4000,1115.4359
4000,994.8692000000003
4000,1011.1307
4000,863.809
4000,951.7496000000003
4000,938.5357
4000,948.0252
4000,1038.0013
4000,1119.8022
4000,854.3430000000001
4000,1084.4655
4000,1076.6381
4000,1057.1213
4000,1112.4917
4000,1060.0849
4000,1052.7641
4000,904.3088
4000,1077.6557000000003
4000,873.061
4000,1050.0525
4000,1119.0068
4000,1090.8387
4000,971.5231
4000,967.4508000000003
4000,1038.0195
4000,1003.0623
4000,876.9679000000001
4000,1095.7453
4000,970.7795
4000,966.8273000000003
4000,1048.3244
4000,1042.295
4000,1072.5304
4000,1005.7295
4000,1102.5314
4000,998.3580000000003
4000,886.6008999999998
4000,1196.0507
4000,1030.3737
4000,1199.3027
4000,1012.0687
4000,1014.9889
4000,1079.2148
4000,1008.9553
4000,1033.914
4000,991.9062
4000,1036.1198
4000,1268.7172000000005
4000,975.1565000000003
4000,935.7122
4000,945.7451000000003
4000,900.3675000000002
4000,1067.6168
4000,998.7842
4000,936.0493
4000,1087.4704
4000,1012.8143
4000,1021.0811
4000,1086.207
4000,1093.2757
4000,1031.5064
4000,1142.3182
4000,881.3944
4000,1078.5324
4000,945.0917
4000,1071.2157
4000,951.6608
4000,967.6362000000003
4000,1085.7028
4000,934.4092
4000,1005.3155
4000,942.0442
4000,1106.6518
4000,849.7775000000001
4000,1079.024
4000,932.1741000000003
4000,982.7237
4000,857.6000999999999
4000,886.7344999999998
4000,960.0544
4000,987.0772000000003
4000,1014.7985
4000,892.5004
4000,1037.1116
4000,1023.2358
4000,912.8946
4000,987.8461
4000,968.753
4000,1164.0884
4000,956.6144
4000,1052.1438
4000,1067.7377
4000,945.3004
4000,1112.1561
4000,1113.5853
4000,939.9897
4000,1060.2449
4000,881.0206
4000,885.0795
4000,946.6842000000003
4000,915.4198
4000,1045.4214
4000,1010.1418
4000,950.7365000000003
4000,958.7109000000003
4000,954.3446
4000,1027.4218
4000,1091.1467
4000,1000.2294
4000,990.497
4000,1147.4851
4000,1169.2992
4000,1080.3686
4000,1210.9326
4000,1147.045
4000,989.0018
4000,1203.7706
4000,1058.2125
4000,1074.6193
4000,965.3809
4000,907.19
4000,1273.2661
4000,1183.8554
4000,913.0721
4000,899.6023
4000,917.7808000000003
4000,1102.3255
4000,1047.2614
4000,1021.1836
4000,1006.1762
4000,1006.4113
4000,1114.3036
4000,1154.1359
4000,933.8041000000003
4000,1032.6953
4000,1011.2417
4000,1194.9353
4000,989.2639999999999
4000,1146.3457
4000,1018.3487
4000,1087.5680000000002
4000,1006.1023
4000,1005.3954
4000,928.4877
4000,1162.1629
4000,903.8001000000003
4000,1018.1307
4000,1133.9484
4000,903.5712000000003
4000,877.0935000000002
4000,995.9841000000004
4000,966.8496
4000,1077.5981
4000,972.1399
4000,1031.5510000000004
4000,1127.6321
4000,946.246
4000,1139.8293
4000,981.6392000000003
4000,887.2122
4000,957.5734
4000,915.564
4000,1279.524
4000,954.879
4000,982.7806
4000,984.705
4000,885.0622
4000,1040.3324
4000,917.0844000000003
4000,1053.0471
4000,1131.2754
4000,1032.2881
4000,1069.2035
4000,1020.1086
4000,1033.3287
4000,1067.5062
4000,1039.7139
4000,903.7602000000003
4000,1050.1167
4000,959.3314000000003
4000,906.6778
4000,966.0508
4000,923.8292000000004
4000,1086.5589
4000,978.0362
4000,1117.5939
4000,1007.5853
4000,945.1977000000003
4000,886.2652999999998
4000,996.6512
4000,1083.7151
4000,995.3263000000003
4000,1082.263
4000,1050.6661
4000,990.5555000000003
4000,1192.9802
4000,943.2186
4000,891.8528
4000,1046.9665
4000,1173.2602
4000,1147.6787
4000,1068.0564
4000,887.0824999999999
4000,1031.4624
4000,950.2457000000003
4000,910.7422
4000,1139.4754
4000,1025.1941
4000,972.8947
4000,1071.9597
4000,1199.2688
4000,878.8324
4000,1123.6762
4000,940.6570000000003
4000,1091.6767
4000,985.3083
4000,849.0628
4000,1004.1657
4000,889.1674
4000,965.8863000000003
4000,1221.425
4000,1037.7785
4000,1120.8264
4000,1015.8668
4000,1146.7653
4000,1052.7932
4000,1055.0256
4000,1276.2485
4000,1162.8719
4000,925.1908
4000,981.3223000000003
4000,957.7749000000003
4000,1170.7198
4000,944.7535
4000,1012.8989
4000,1006.4482
4000,1090.282
4000,999.7473
4000,1093.7466
4000,1022.5952
4000,1087.8110000000001
4000,1046.7872
4000,949.0982
4000,948.5536000000003
4000,849.4716999999998
4000,941.0808000000003
4000,930.7645
4000,1011.5689
4000,1036.7804
4000,1014.6359
4000,1086.5232
4000,941.19
4000,1052.8126
4000,879.939
4000,925.7298
4000,935.2383
4000,1169.3573
4000,1098.1515
4000,974.1161000000003
4000,1010.8628
4000,1130.599
4000,1047.2404
4000,1153.972
4000,1040.5845
4000,903.9163
4000,1250.4372
4000,921.6487
4000,948.4275000000004
4000,1137.0351
4000,929.562
4000,955.5752000000003
4000,881.2934
4000,984.5496000000003
4000,1102.5984
4000,1071.5839
4000,877.4579000000001
4000,985.1339999999999
4000,970.6915
4000,863.505
4000,902.2849
4000,952.3964000000003
4000,1091.4844
4000,1119.5379
4000,991.9637
4000,898.5808
4000,1071.2666000000004
4000,1029.2243
4000,1046.5088
4000,1068.8901
4000,1039.9397
4000,881.9486
4000,1140.9248
4000,883.4452999999999
4000,993.5367
4000,888.3882
4000,954.4012
4000,1035.8812
4000,933.2667000000004
4000,944.8224
4000,1109.1782
4000,887.4864999999999
4000,1192.2589
4000,990.6785000000003
4000,895.1149
4000,1017.2391
4000,1230.5496
4000,1108.1327
4000,1142.6324
4000,995.4409
4000,1001.8386
4000,917.6809
4000,1241.6627
4000,966.6376
4000,991.2132
4000,908.4049
4000,1045.4612
4000,1137.7145
4000,1036.2815
4000,1033.6275000000003
4000,1108.5208
4000,1018.9796
4000,948.1978000000003
4000,977.5463
4000,927.3293000000003
4000,1159.3239
4000,1135.7403
4000,975.2659
4000,982.7626
4000,952.9338
4000,1078.6186
4000,1111.8231
4000,957.1117
4000,1094.6033000000002
4000,938.8483
4000,1016.4279
4000,1083.9915
4000,934.4905000000003
4000,1118.4533
4000,1001.983
4000,1051.0973
4000,1117.6462
4000,1068.5013
4000,963.4987000000003
4000,1027.9295
4000,913.6864
4000,931.3784
4000,1031.482
4000,1184.3034
4000,1037.0501
4000,835.6627000000002
4000,1035.0227
4000,1001.1849
4000,976.9495
4000,1192.89
4000,951.6353000000003
4000,844.32
4000,910.1487
4000,1258.7606
4000,1078.3409
4000,1100.1058
4000,934.7086
4000,1068.9832
4000,910.6969
4000,926.5260000000001
4000,980.9515
4000,975.2641
4000,985.6126000000003
4000,1092.6557000000003
4000,1094.716
4000,1066.917
4000,1010.6424
4000,1095.8204
4000,1040.6796
4000,1064.3626
4000,932.8425
4000,1013.109
4000,1036.558
4000,936.6666
4000,1019.0166
4000,1097.1026
4000,1084.4776
4000,1021.7523
4000,961.3288000000003
4000,1007.6985
4000,1109.9082
4000,1050.7237
4000,1096.2376
4000,938.3708
4000,1156.4572
4000,980.2168
4000,903.1458000000003
4000,1052.7194
4000,1120.8338
4000,894.8036999999998
4000,1047.7971
4000,1097.0373
4000,940.7155
4000,960.0296
4000,837.5964999999999
4000,999.5129
4000,932.9466
4000,1041.5033
4000,1057.187
4000,1073.3639
4000,1041.9455
4000,1055.168
4000,979.3253000000003
4000,988.1373000000003
4000,868.4691000000001
4000,913.4484
4000,1119.7048
4000,959.3600000000004
4000,1035.8875
4000,1029.0835
4000,1069.3963
4000,963.3656000000003
4000,911.3099
4000,983.6484000000003
4000,1041.9068
4000,914.6773
4000,1015.26
4000,1014.3932
4000,937.8299
4000,873.1683000000003
4000,861.6744999999999
4000,917.1837000000003
4000,917.6291
4000,952.8174
4000,1138.9533
4000,880.0152999999998
4000,1201.1043000000002
4000,1008.6999
4000,930.8714
4000,1020.7672
4000,834.4615000000001
4000,1062.4355
4000,1089.1855
4000,1102.4497
4000,879.0541
4000,1186.2226
4000,1006.9746
4000,1016.9368
4000,899.2982
4000,986.7309000000004
4000,985.84
4000,1072.0104
4000,845.5483000000003
4000,1043.3439
4000,978.0160000000001
4000,968.7939000000003
4000,1165.505
4000,966.1312
4000,1041.8881
4000,1066.391
4000,882.791
4000,1028.7117
4000,996.0679
4000,992.4108
4000,941.8464000000004
4000,1065.7251
4000,1110.22
4000,1040.7947
4000,877.548
4000,928.2885000000003
4000,1104.9606
4000,987.2105
4000,1060.6276
4000,1031.2741
4000,1139.8452
4000,1069.6984
4000,1015.5458
4000,1080.6589
4000,1161.7367
4000,1034.7778
4000,937.1144
4000,978.4576
4000,1034.2568
4000,918.5362
4000,1013.2089
8000,2042.6246
8000,2352.1826
8000,2000.1979
8000,2131.57
8000,2228.8778
8000,1658.6525
8000,2012.7241
8000,2227.0878
8000,2076.2960000000007
8000,1867.3101
8000,1896.0079
8000,2250.464
8000,2143.6025
8000,2017.0689
8000,2062.7546
8000,1822.2985
8000,1999.334
8000,1846.9157
8000,2061.7763
8000,1619.4437
8000,1915.6022
8000,1951.2671
8000,2125.5151
8000,1608.1241
8000,2071.9233
8000,1905.3658
8000,1826.5499
8000,2394.9187
8000,1923.0521
8000,1768.5506
8000,1953.9041
8000,1782.945
8000,1921.0403
8000,2113.0091
8000,1808.5737
8000,2082.3352
8000,2205.3389
8000,2376.0285
8000,2192.5938
8000,1744.2918
8000,1983.6521
8000,2045.5599
8000,2252.4388
8000,1920.4631
8000,1865.3767
8000,1897.8133
8000,1714.8084
8000,1780.3120000000001
8000,1609.7222
8000,2130.8258
8000,1769.003
8000,1915.1131
8000,1862.1889999999999
8000,1785.7131
8000,1967.2216
8000,1877.5098
8000,2041.5376
8000,1482.9208
8000,1984.0392
8000,2178.7619
8000,1878.9394
8000,1717.5453
8000,1994.4184
8000,1864.9656
8000,1901.2813
8000,1864.9484
8000,1998.8799
8000,1852.3581
8000,1913.1356
8000,2058.889
8000,1893.6429
8000,2244.9939
8000,1942.0619
8000,2051.1505
8000,2405.9821
8000,2101.9024
8000,2243.5787
8000,2437.6488
8000,2406.4115
8000,1751.2439
8000,2134.7093
8000,2389.2735
8000,2010.4924
8000,1788.419
8000,2094.7547
8000,1980.0952
8000,1980.5615
8000,2195.3876
8000,2000.6935
8000,1577.6748
8000,1865.7208
8000,2178.6783
8000,1807.892
8000,2514.0876
8000,2041.0348
8000,2119.738
8000,1799.8038
8000,1834.7015
8000,1982.9422
8000,1665.0970000000002
8000,2156.8938
8000,2153.5246
8000,2030.0001
8000,2215.7881
8000,2088.6453
8000,2122.7835
8000,1877.5516
8000,2083.9962
8000,1995.9811
8000,2264.8838
8000,1579.6733
8000,2038.6886
8000,2183.595
8000,2142.2169
8000,2098.3333
8000,1926.0291
8000,2146.1678
8000,1584.8699
8000,2199.657
8000,1868.4069
8000,2204.2342
8000,1758.4323
8000,2409.689
8000,2224.8275
8000,1980.2875
8000,2142.5466
8000,1952.883
8000,1808.0212
8000,1573.0491
8000,2092.8976
8000,1976.9382
8000,1826.6556
8000,2256.3283
8000,2151.1497
8000,1774.6719
8000,1918.2492
8000,1921.611
8000,1807.3962
8000,1881.9765
8000,1939.6664
8000,1724.3535
8000,2039.2486
8000,2243.2261
8000,1775.0049
8000,2006.2532
8000,2041.1361
8000,1659.2486
8000,1637.236
8000,1997.1922
8000,2203.702
8000,2242.1451
8000,1816.5571
8000,2715.6302
8000,1998.9799
8000,2165.5551
8000,2026.0071
8000,2058.0475
8000,1900.8847
8000,1749.8862
8000,1949.9108
8000,2205.0792
8000,1756.8176
8000,1905.7662
8000,1782.3338
8000,1944.1247
8000,1858.5171
8000,2084.8721
8000,2052.3593
8000,1663.0066
8000,2164.9563
8000,1872.6651
8000,1975.5106
8000,1785.2536
8000,1855.7091
8000,2326.3238
8000,2242.4961
8000,1919.5165
8000,1963.0188
8000,2000.1297
8000,2383.2622
8000,2256.6007
8000,1915.1157
8000,1527.9678
8000,2269.2501
8000,1963.3508
8000,1854.2084
8000,2275.1775
8000,2020.8413
8000,1764.2122
8000,1820.024
8000,2009.4329
8000,1998.4565
8000,2289.1975
8000,1847.2091
8000,2313.7818
8000,2038.5293
8000,1582.7048
8000,1750.615
8000,2155.2953
8000,1804.5922
8000,2490.4375
8000,2112.7856
8000,1890.9457
8000,2008.302
8000,2088.9352
8000,2119.6768
8000,1982.8014
8000,1847.5455
8000,1708.9579
8000,2023.4376
8000,1862.3585
8000,1909.7908
8000,1779.2302
8000,1947.2362
8000,1967.6991
8000,2275.8133
8000,1727.7236
8000,2017.5317
8000,1961.3120000000001
8000,2205.9903
8000,2265.9131
8000,1870.695
8000,1833.7799
8000,1558.3462
8000,1946.5671
8000,1952.8493
8000,2108.0472
8000,1858.859
8000,1672.2264
8000,1948.6302
8000,2075.6341
8000,2207.922
8000,1759.3315
8000,1788.8755
8000,1711.5511
8000,1832.8254
8000,1997.55
8000,1638.9618
8000,1587.0946
8000,2170.2373
8000,2291.511
8000,2465.7604
8000,1842.7838
8000,1872.4522
8000,2016.2357
8000,2018.9572
8000,1782.7345
8000,2139.3671
8000,2259.9776
8000,2080.2862
8000,1976.9383
8000,2146.353
8000,2185.8042
8000,1596.4527
8000,1668.681
8000,2319.1608
8000,2471.8741
8000,1997.268
8000,1391.7898000000002
8000,1866.9601
8000,1839.331
8000,1937.3706
8000,2082.8408
8000,2156.6631
8000,2078.0154
8000,1861.1427
8000,1918.7067
8000,1991.3319
8000,1790.2502
8000,2296.7093
8000,2074.1474
8000,2110.1928
8000,2193.569
8000,1870.7163
8000,1961.7269
8000,2262.9134
8000,1839.5689
8000,2055.4173
8000,1982.8805
8000,2252.0925
8000,1962.5665
8000,1841.9913
8000,1638.1291
8000,1955.4451
8000,1748.6809
8000,2383.1671
8000,2103.4426
8000,2005.1589
8000,1961.018
8000,1797.3072
8000,2062.4797
8000,1813.7909
8000,2140.2067
8000,1865.1739
8000,1798.4699
8000,2069.0097
8000,1675.7728
8000,1956.4433
8000,2022.6899
8000,1685.7566
8000,2042.8132
8000,2284.7228
8000,1870.6999
8000,1814.2136
8000,2357.788
8000,1884.531
8000,1904.167
8000,1935.9451
8000,1920.3144
8000,2123.6536
8000,1808.341
8000,1746.4897
8000,1732.4363
8000,1674.6415
8000,1931.0387
8000,2197.7498
8000,1919.9387
8000,1923.2493
8000,2172.8986
8000,1960.9444
8000,2035.3877
8000,1966.6158
8000,1741.6443
8000,2259.1656
8000,1683.0422
8000,2191.2404
8000,1882.9136
8000,1865.0994
8000,1770.4407
8000,1614.2381
8000,1772.5212
8000,1848.0657
8000,2092.7670000000003
8000,1814.8155
8000,2050.0526
8000,2010.3886
8000,2087.1818
8000,2058.1479999999997
8000,1969.9404
8000,1724.1966
8000,1908.3822
8000,1912.3781
8000,2185.4568
8000,1974.0281
8000,1991.3667
8000,2336.2967
8000,1827.1726
8000,1915.141
8000,1912.6864
8000,1579.4869
8000,1834.3047
8000,1708.6211
8000,1968.9167
8000,2304.6671
8000,1927.1525
8000,1880.3915
8000,1877.5526
8000,1845.454
8000,2123.374
8000,2275.8139
8000,2069.0002
8000,1902.2221
8000,2104.0439
8000,1893.9014
8000,2058.7959
8000,1922.3124
8000,1999.3689
8000,2027.0436
8000,1857.2528
8000,1827.1777
8000,2371.6167
8000,1897.4572
8000,2064.2012
8000,1773.8201
8000,1925.4249
8000,1807.7809
8000,2210.2107
8000,1987.8913
8000,1736.9051
8000,1983.3772
8000,1842.876
8000,1907.4725
8000,1869.9142
8000,1998.5357
8000,2285.3168
8000,2011.291
8000,2427.0038
8000,2033.2946
8000,2035.9094
8000,2168.345
8000,2031.6866
8000,2464.9339999999997
8000,1704.6035
8000,2281.554
8000,2021.6149
8000,1998.789
8000,1912.2915
8000,1688.764
8000,1731.0586
8000,2285.3775
8000,2092.5083
8000,1817.2213
8000,2038.9017
8000,1880.3038
8000,2228.7138
8000,1812.0651
8000,1861.2745
8000,1948.6774
8000,1807.3736
8000,2271.0539
8000,2110.6241
8000,2025.5089
8000,2072.5477
8000,1685.6728
8000,1986.52
8000,2122.5424
8000,1885.1818
8000,1769.6445
8000,1757.8583
8000,1951.8503
8000,2063.2049
8000,1764.8754
8000,2607.2117
8000,1696.9051
8000,1946.3871
8000,1916.8606
8000,1834.2533
8000,2016.2646
8000,2050.6702
8000,1864.4508
8000,1634.5147
8000,2182.835
8000,2171.0836
8000,1937.2534
8000,1722.7563
8000,1691.7879
8000,2345.8322
8000,2013.2929
8000,2179.5269
8000,1827.8269
8000,2172.8157
8000,1978.0126
8000,1953.0361
8000,2420.5108
8000,1923.2178
8000,2362.0994
8000,2390.3871
8000,2091.0881
8000,1816.8859
8000,2195.7874
8000,1818.0507
8000,1579.5904
8000,1963.4708
8000,2331.4599
8000,1902.827
8000,2007.6298
8000,2006.3994
8000,2208.9745
8000,1849.4281
8000,2411.0263
8000,1927.79
8000,1825.4211
8000,2514.1493
8000,1611.1222
8000,1952.3611
8000,1960.5077
8000,1953.5401
8000,2178.5653
8000,2009.8009
8000,1899.6227
8000,1999.666
8000,2166.8142
8000,1723.0611
8000,1902.1985
8000,1825.6585
8000,1591.4809
8000,1866.2349
8000,1905.5888
8000,1849.2354
8000,1718.2988
8000,1931.9353
8000,2045.5610000000001
8000,1850.1633
8000,2238.1148
8000,1696.0664
8000,2091.6834
8000,1902.2616
8000,2162.2661
8000,1782.0382
8000,1780.0725
8000,1973.136
8000,1854.3559
8000,1716.9448
8000,1878.9165
8000,2118.6183
8000,2434.4183
8000,2269.8373
8000,2074.6492
8000,1962.0602
8000,1934.6706
8000,1859.8232
8000,2337.7484
8000,1835.9568
8000,2083.8263
8000,1983.5276
8000,1744.6294
8000,1959.7808
8000,1436.0127
8000,1915.6487
8000,1798.2198
8000,2115.2447
8000,1806.3847
8000,2017.6727
8000,1890.0284
8000,2015.3866
8000,1938.0036
8000,1938.4699
8000,1857.2904
8000,2037.6685
8000,1574.182
8000,1983.7356
8000,2260.4394
8000,1875.5467
8000,1758.2369
8000,2158.9825
8000,2116.8782
8000,1998.7973
8000,1661.5639
8000,2127.3016
8000,1812.7822
8000,1838.1127
8000,2422.1912
8000,1795.8996
8000,1926.6366
8000,2034.7012
8000,1882.9396
8000,2043.1861
8000,1846.4905
8000,1926.2147
8000,2014.798
8000,2008.0804
8000,2082.511
8000,2170.6367
8000,2093.2311
8000,1778.7261
8000,1860.4838
8000,2174.3458
8000,2425.034
8000,2196.9905
8000,1918.5823
8000,1579.5578
8000,2081.826
8000,2149.8199
8000,2070.5213
8000,1685.4855
8000,2118.3891
8000,1837.8511
8000,1936.9076
8000,2126.6613
8000,1898.5172
8000,1817.7715
8000,2448.5504
8000,1807.8279
8000,2057.6266
8000,1919.6319
8000,1862.8613
8000,1856.3612
8000,1801.3861
8000,1825.1973
8000,1619.2651
8000,1828.5934
8000,1827.7544
8000,1856.7582
8000,2399.4561
8000,1934.6488
8000,1943.5499
8000,2348.939
8000,1862.4159
8000,1943.9663
8000,1741.2839
8000,1906.1077
8000,2082.8042
8000,1984.1176
8000,2127.9115
8000,1907.3323
8000,1886.452
8000,1968.6312
8000,2201.7806
8000,1642.879
8000,1727.0916
8000,1799.204
8000,1897.2611
8000,2224.7221
8000,1896.7782
8000,2690.0768
8000,1827.0156
8000,1805.8485
8000,2029.8486
8000,1847.5892
8000,1700.8733
8000,1965.6274
8000,2233.3981
8000,1839.9376
8000,2408.493
8000,1748.8718
8000,1816.4837
8000,2213.657
8000,2005.433
8000,1725.8098
8000,1944.5194
8000,2039.5973
8000,1982.5188
8000,2196.5309
8000,2028.9514
8000,1750.0933
8000,2139.4374
8000,2020.1264
8000,2465.6382
8000,1973.3159
8000,1511.8381
8000,1790.6145
8000,2302.4493
8000,2242.9063
8000,1688.2869
8000,1762.0501
8000,1688.7996
8000,1922.1782
8000,2033.4474
8000,1908.6828
8000,2179.4822
8000,1672.4071
8000,2035.5399
8000,1967.9746
8000,2431.7373
8000,2143.2319
8000,1835.9155
8000,2091.9014
8000,1889.9159
8000,2045.8164
8000,1879.0029
8000,2180.4249
8000,1979.4817
8000,1783.8542
8000,1718.6506
8000,2077.1620000000003
8000,2169.6559
8000,1857.8127
8000,1791.2294
8000,1922.7177
8000,2401.3064
8000,2055.2327
8000,2463.345
8000,1963.7544
8000,2376.422
8000,2129.8455
8000,1682.716
8000,1818.5607
8000,2862.4064
8000,2148.9804
8000,2062.2682
8000,1776.7048
8000,1819.6966
8000,1872.0244
8000,1976.4237
8000,2185.5715
8000,2058.342
8000,1873.8913
8000,2601.7672
8000,1950.5063
8000,1888.6104
8000,2100.369
8000,1822.9636
8000,1732.7765
8000,2022.6025
8000,2012.0312
8000,1837.5937
8000,2134.6122
8000,2212.6475
8000,1650.7568
8000,1817.7336
8000,1573.7635
8000,1727.0504
8000,2229.6009
8000,1918.6156
8000,1924.8897
8000,1701.8798
8000,2021.9978
8000,1751.7747
8000,1790.7594
8000,1967.5896
8000,1866.1524
8000,2173.243
8000,1920.1806
8000,1858.7136
8000,2260.4286
8000,2014.1233
8000,2208.0389999999998
8000,1660.3429
8000,1899.0845
8000,2076.9583
8000,1600.171
8000,2475.1489
8000,2037.9528
8000,2113.0434
8000,2089.5660000000003
8000,2296.7982
8000,1731.7137
8000,1656.31
8000,2063.7366
8000,1806.5819
8000,1885.5924
8000,1725.1081
8000,2428.8991
8000,1896.6117
8000,2209.5087
8000,1879.7185
8000,2074.0338
8000,1964.966
8000,1914.5968
8000,1752.5935
8000,1809.5332
8000,2050.0711
8000,1978.5884
8000,1625.6229999999996
8000,1810.8889
8000,1920.9549
8000,1963.8672
8000,1663.0055
8000,1687.2913
8000,2028.9559
8000,1912.927
8000,1994.0265
8000,2451.3737
8000,1948.8362
8000,2053.6066
8000,1630.5558
8000,1763.1068
8000,2224.2793
8000,2029.4122
8000,2080.8669
8000,2495.1152
8000,1936.2685
8000,1772.023
8000,1838.4573
8000,2098.3474
8000,1619.7265
8000,2112.0519
8000,2430.2196
8000,2203.0433
8000,1640.6762
8000,2010.9538
8000,2011.1606
8000,2025.5905
8000,1992.9483
8000,2032.8498
8000,1730.9796
8000,1913.5848
8000,1764.7095
8000,1902.717
8000,2220.9066
8000,2136.911
8000,2270.0262
8000,1788.6684
8000,1711.6746
8000,1848.9148
8000,2112.3757
8000,2330.802
8000,2166.6938
8000,1937.7132
8000,1547.9183
8000,1934.0911
8000,1631.9841
8000,2717.5761
8000,1692.5674
8000,1797.2771
8000,1984.1944
8000,1798.0329
8000,1672.5575
8000,2087.724
8000,1980.7633
8000,1918.527
8000,2019.0827
8000,1910.5143
8000,1969.8871
8000,1557.8443
8000,1967.2746
8000,1975.3443
8000,2053.8109
8000,1938.6215
8000,1926.0756
8000,1877.945
8000,1815.5686
8000,2179.2422
8000,1956.047
8000,2135.8916
8000,1956.1229
8000,2057.9649
8000,1715.5346
8000,1832.9917
8000,2014.7926
8000,2371.7707
8000,1934.5532
8000,1726.8285
8000,2401.864
8000,1970.3552
8000,2362.1658
8000,1907.3137
8000,1961.4075
8000,2271.2884
8000,1858.8218
8000,1769.4233
8000,1976.2643
8000,1947.3938
8000,2187.2571
8000,1915.6808
8000,1746.4672
8000,2429.439
8000,1872.7585
8000,2301.6093
8000,2211.0603
8000,1659.4139
8000,2135.0133
8000,1838.1176
8000,1821.8565
8000,1709.9831
8000,1912.7294
8000,1667.6612
8000,2088.0746
8000,1926.4785
8000,1910.4898
8000,1747.7427
8000,1474.5339
8000,2262.417
8000,2047.6614
8000,1802.0251
8000,1846.0841
8000,2464.9147
8000,1703.1059
8000,2207.8929
8000,1915.5683
8000,2219.5347
8000,2102.6073
8000,1568.5152
8000,1997.8215
8000,1914.6779
8000,1570.8629
8000,2095.7859
8000,2244.2052
8000,2179.8342
8000,1854.6335
8000,1763.4678
8000,1971.8904
8000,1922.3442
8000,1614.3573
8000,1830.4932
8000,1926.1198
8000,1719.7577
8000,1992.9801
8000,1891.8975
8000,1716.2564
8000,1928.2948
8000,2096.4272
8000,1698.2514
8000,1696.3935
8000,2138.4787
8000,1916.9422
8000,1879.6004
8000,1808.5077
8000,2075.3326
8000,1825.831
8000,1578.7823
8000,1882.0863
8000,2111.5183
8000,1827.5683
8000,2107.298
8000,1867.6731
8000,2182.3871
8000,1653.4436
8000,1645.5947
8000,2087.3889
8000,1999.7059
8000,1925.747
8000,1625.0721
8000,1952.4171
8000,1859.3647
8000,1867.9035
8000,2451.1273
8000,1974.4634
8000,1770.7054
8000,1660.9743
8000,1750.8441
8000,1757.5048
8000,2065.2427
8000,1943.6679
8000,1779.6411
8000,1912.0994
8000,1651.6451
8000,1798.5031
8000,1990.0839
8000,1928.9699
8000,2090.3979
8000,2073.3022
8000,1847.2271
8000,1934.2366
8000,1914.3929
8000,1854.8683
8000,2157.2472
8000,2175.1535
8000,2374.6117
8000,2186.0713
8000,1738.3454
8000,1843.9323
8000,2116.7627
8000,1755.2984
8000,2192.678
8000,1834.1994
8000,1840.8325
8000,1897.2216
8000,1809.2973
8000,2181.1238
8000,1721.0543
8000,1653.6395
8000,2001.9302
8000,1718.1056
8000,1959.8037
8000,1857.4104
8000,2047.4029
8000,1758.0463
8000,2021.0763
8000,1829.0755
8000,2168.3326
8000,1621.0356
8000,1834.8553
8000,1613.9373
8000,1997.9147
8000,1999.2409
8000,2024.5373
8000,1716.8642
8000,1822.0432
16000,4905.935
16000,3356.547
16000,5387.483
16000,3710.67
16000,3932.605
16000,4282.1179999999995
16000,5341.478
16000,1941.49
16000,1128.429
16000,3137.542
16000,2387.363
16000,5043.844
16000,2774.067
16000,3687.066
16000,3735.484
16000,4505.248
16000,2227.329
16000,4788.643
16000,4281.704000000001
16000,2926.897
16000,2850.305
16000,3169.553
16000,2403.896
16000,1583.464
16000,3701.1890000000003
16000,2472.825
16000,11975.067
16000,2856.7129999999997
16000,1741.8
16000,3173.2990000000004
16000,3966.914
16000,3138.438
16000,1934.397
16000,4336.433
16000,3886.546
16000,2219.887
16000,5643.134
16000,3920.82
16000,1955.773
16000,6620.0419999999995
16000,2240.93
16000,5724.196999999999
16000,4212.415
16000,2978.897
16000,3349.5370000000003
16000,6799.289000000001
16000,5592.653
16000,2831.869
16000,3795.53
16000,2868.5490000000004
16000,3058.9429999999998
16000,3219.349
16000,3421.6679999999997
16000,3360.2090000000003
16000,4258.059
16000,3154.27
16000,1849.994
16000,2529.656
16000,3672.304
16000,4757.947
16000,3857.931
16000,3599.491
16000,2209.242
16000,3386.359000000001
16000,4435.181
16000,12435.928
16000,5233.772
16000,3833.511
16000,3014.2509999999997
16000,3916.335
16000,3766.775
16000,3716.8259999999996
16000,5097.715999999999
16000,2568.548
16000,2340.1420000000003
16000,3836.9159999999997
16000,5756.438
16000,4478.965
16000,3101.987
16000,2049.125
16000,3422.32
16000,3775.955
16000,3850.0
16000,3815.946
16000,3065.641
16000,2720.6659999999997
16000,5588.164000000001
16000,2466.298
16000,3180.1740000000004
16000,2630.242
16000,4839.135
16000,2281.533
16000,2903.881
16000,4392.8820000000005
16000,4489.941
16000,4243.539000000001
16000,5403.033
16000,4652.765
16000,3641.863
16000,4100.569
16000,9144.559
16000,3156.4179999999997
16000,2594.255
16000,5262.686
16000,5279.920999999999
16000,4898.728
16000,3789.379
16000,6086.090999999999
16000,3446.656
16000,1050.944
16000,3728.344
16000,2625.131
16000,5268.059
16000,5480.494000000001
16000,1587.953
16000,2871.12
16000,4484.802
16000,3444.9320000000002
16000,6598.898
16000,4666.55
16000,4244.7
16000,2672.6420000000003
16000,2410.5879999999997
16000,1929.821
16000,3301.5640000000003
16000,4368.8859999999995
16000,3969.635
16000,2857.5640000000003
16000,8648.956
16000,4825.728
16000,2287.169
16000,2694.603
16000,2314.703
16000,3800.6279999999997
16000,4716.781
16000,2978.343
16000,4959.43
16000,4196.287
16000,6875.1
16000,3425.64
16000,2064.573
16000,7554.507
16000,4566.432
16000,3854.1479999999997
16000,2017.176
16000,4688.997
16000,1962.585
16000,3035.808
16000,3700.627
16000,2066.9770000000003
16000,3282.766
16000,2498.847
16000,4200.567
16000,6361.496
16000,4802.013
16000,5382.355
16000,2845.421
16000,3476.3959999999997
16000,2057.131
16000,2193.826
16000,5795.257
16000,3316.6859999999997
16000,2444.387
16000,3694.3179999999998
16000,6480.529
16000,2861.659
16000,3347.817
16000,2637.511
16000,2905.752
16000,4156.340999999999
16000,2055.8089999999997
16000,3133.763
16000,2411.939
16000,5690.365
16000,5592.56
16000,2338.129
16000,2643.616
16000,5673.445
16000,3376.114
16000,3779.723
16000,2599.717
16000,3579.036
16000,2498.541
16000,3260.294000000001
16000,3538.86
16000,3980.897
16000,5377.02
16000,2632.4320000000002
16000,2606.906
16000,2861.0490000000004
16000,5951.723000000001
16000,5059.569
16000,5230.169
16000,2659.005
16000,3448.228
16000,2956.956
16000,1729.973
16000,4626.255
16000,3566.7870000000003
16000,2685.241
16000,4247.603
16000,4288.053
16000,3467.851
16000,2770.033
16000,3710.7129999999997
16000,3586.105
16000,2492.99
16000,2920.415
16000,3916.7270000000003
16000,2993.468
16000,3622.949
16000,2857.545
16000,4733.33
16000,4924.465999999999
16000,3457.945
16000,3572.7470000000003
16000,3017.163
16000,2144.444
16000,4318.8279999999995
16000,4601.657
16000,4679.78
16000,4117.831
16000,2727.583
16000,2375.321
16000,5228.73
16000,1668.068
16000,4763.474
16000,1766.565
16000,2737.71
16000,2397.96
16000,5251.420999999999
16000,2811.758
16000,2810.2290000000003
16000,2927.097
16000,2003.341
16000,2686.5209999999997
16000,3037.171
16000,3567.808
16000,3661.0229999999997
16000,3690.585
16000,3810.5679999999998
16000,6299.736999999999
16000,3330.887
16000,3510.5009999999997
16000,6481.081
16000,5035.935
16000,2588.049
16000,3912.2870000000003
16000,3124.22
16000,4318.747
16000,3605.883
16000,3185.4809999999998
16000,3433.68
16000,2143.703
16000,2161.021
16000,3113.489
16000,3460.913
16000,2613.8070000000002
16000,2501.875
16000,4709.66
16000,2310.913
16000,4525.145
16000,2069.4
16000,1632.645
16000,2784.778
16000,4324.442
16000,4357.733
16000,4475.565
16000,2930.331
16000,3766.051
16000,4592.229
16000,3288.41
16000,12187.744
16000,2461.215
16000,2592.216
16000,2670.798
16000,3957.238
16000,3167.278
16000,5149.321
16000,3450.172
16000,5655.1990000000005
16000,8605.303000000002
16000,3643.956
16000,7001.744000000001
16000,2448.268
16000,3461.703
16000,3738.493
16000,8212.248
16000,6180.2119999999995
16000,2612.149
16000,5351.5509999999995
16000,7669.788999999999
16000,2207.951
16000,4093.4040000000005
16000,2921.184
16000,4787.643
16000,2996.737
16000,2250.07
16000,3690.139
16000,6913.403
16000,8489.028
16000,3085.329
16000,4993.581
16000,3111.136
16000,5106.499
16000,1910.872
16000,2905.845
16000,3287.38
16000,3512.425
16000,5076.282999999999
16000,3974.6440000000002
16000,4497.458
16000,3513.67
16000,3438.361
16000,2760.178
16000,4599.5109999999995
16000,6386.024
16000,6644.01
16000,2972.224
16000,1506.471
16000,5093.488
16000,4115.217000000001
16000,5545.505999999999
16000,1488.644
16000,3111.895
16000,2699.495
16000,3326.403
16000,4104.1720000000005
16000,4581.221
16000,4746.357
16000,4208.95
16000,2844.333
16000,3757.441
16000,2903.993
16000,3294.702
16000,4131.455
16000,4723.789000000001
16000,2693.777
16000,2180.079
16000,3621.94
16000,4133.566
16000,3756.64
16000,6396.034000000001
16000,3162.855
16000,3628.768
16000,8855.617
16000,2474.508
16000,2867.141
16000,1788.9
16000,4503.264
16000,6129.338000000001
16000,4130.529
16000,3800.0959999999995
16000,5412.3
16000,3288.853
16000,2053.701
16000,3909.752
16000,4009.677
16000,4916.333
16000,2969.725
16000,3954.032
16000,2986.2490000000003
16000,3010.206
16000,3646.679
16000,3586.954
16000,8621.414
16000,4522.688
16000,4396.357
16000,2883.188
16000,3973.613
16000,1945.0
16000,2011.239
16000,3759.507
16000,4500.284000000001
16000,3628.7990000000004
16000,4911.479
16000,4297.043
16000,2712.011
16000,2548.239
16000,3197.728
16000,5881.656
16000,2095.969
16000,3321.94
16000,3669.2
16000,3842.907
16000,3763.73
16000,3555.792
16000,3909.986
16000,4891.149
16000,4865.319
16000,2689.278
16000,5297.158
16000,3784.252
16000,4974.072
16000,8735.548
16000,3730.062
16000,3745.364
16000,4354.913
16000,2857.6459999999997
16000,8678.204
16000,1925.493
16000,1273.728
16000,3639.135
16000,4622.686
16000,2439.302
16000,3016.419000000001
16000,4160.098
16000,2980.5640000000003
16000,3252.781
16000,5397.764
16000,4204.27
16000,3753.4390000000003
16000,3151.225
16000,7321.052
16000,3217.433
16000,3068.8190000000004
16000,3882.29
16000,5908.213000000001
16000,2496.237
16000,3029.167
16000,7574.182
16000,4839.917
16000,5687.643
16000,3238.978
16000,3894.801
16000,4207.144
16000,5271.846
16000,4359.838
16000,4111.874
16000,3270.629000000001
16000,4282.590999999999
16000,5756.861999999999
16000,2166.466
16000,4575.885
16000,2719.905
16000,2706.308
16000,3594.696
16000,4239.249
16000,1691.874
16000,3644.688
16000,3820.837
16000,2973.3759999999997
16000,3295.657
16000,2396.327
16000,2308.172
16000,4167.526
16000,2421.7070000000003
16000,3186.923
16000,1844.256
16000,4127.154
16000,3148.611
16000,2140.695
16000,3488.208
16000,3584.8979999999997
16000,1535.292
16000,3403.632
16000,3264.002
16000,1827.636
16000,2362.975
16000,2503.594
16000,3038.4320000000002
16000,3764.304
16000,2431.6479999999997
16000,3178.4970000000003
16000,4669.524
16000,3236.2709999999997
16000,3974.038
16000,2766.993
16000,2481.0820000000003
16000,4599.175
16000,3314.2729999999997
16000,2208.511
16000,5643.576
16000,3155.345
16000,2924.336
16000,3143.5
16000,3527.948
16000,4798.483
16000,3561.553
16000,2946.5609999999997
16000,5282.191
16000,1472.037
16000,4089.531
16000,2781.711
16000,4897.032999999999
16000,2646.512
16000,2942.095
16000,2932.1740000000004
16000,6419.361999999999
16000,3603.539
16000,3409.331
16000,2917.1240000000003
16000,4215.33
16000,7686.2919999999995
16000,4600.878
16000,4110.742
16000,3017.696
16000,3360.41
16000,3027.2
16000,1724.0610000000001
16000,2466.406
16000,3671.762
16000,3000.812
16000,1695.662
16000,4316.07
16000,2825.6890000000003
16000,2487.728
16000,4426.354
16000,3427.59
16000,2354.368
16000,3673.699
16000,3384.183
16000,2273.35
16000,6857.385
16000,4587.112
16000,6433.679
16000,3125.362
16000,2406.324
16000,3004.7909999999997
16000,5426.1140000000005
16000,3709.587
16000,1839.155
16000,3228.232
16000,6030.035
16000,3497.265
16000,2948.9970000000003
16000,4088.9120000000003
16000,2285.639
16000,4675.374
16000,3100.603
16000,2983.1740000000004
16000,1878.109
16000,4288.534000000001
16000,3804.737
16000,3577.191
16000,4015.552
16000,5073.94
16000,2487.917
16000,4134.637
16000,3220.1820000000002
16000,2669.755
16000,3750.268
16000,3448.49
16000,2862.015
16000,6259.746
16000,4584.729
16000,5294.964
16000,3264.08
16000,5055.654
16000,5193.691
16000,3997.487
16000,2332.36
16000,4651.201
16000,5572.861
16000,3141.327
16000,2976.8720000000003
16000,2110.028
16000,2940.581
16000,2566.813
16000,2562.513
16000,2429.8360000000002
16000,3022.743
16000,3004.1420000000003
16000,4133.726
16000,3657.053
16000,3176.621
16000,1655.455
16000,2540.831
16000,5462.276
16000,2460.779
16000,1954.245
16000,2540.592
16000,1424.642
16000,4208.630999999999
16000,9373.458
16000,2562.276
16000,4684.834
16000,3437.245
16000,3682.988
16000,4539.96
16000,3739.863
16000,2548.879
16000,6258.514
16000,2523.022
16000,2732.402
16000,3358.062
16000,3278.53
16000,3031.93
16000,2502.261
16000,3787.7309999999998
16000,1697.494
16000,2978.453
16000,2864.321
16000,2022.327
16000,3229.623
16000,2919.371
16000,4307.253
16000,2389.702
16000,4247.5509999999995
16000,2914.112
16000,5011.079000000001
16000,2246.165
16000,4345.326
16000,3343.8109999999997
16000,5031.825
16000,3227.677
16000,4678.347
16000,3049.794000000001
16000,4926.913
16000,3253.551
16000,3782.5429999999997
16000,3868.488
16000,4093.702
16000,3951.885
16000,6525.685
16000,3737.558
16000,3088.59
16000,3003.244
16000,4681.31
16000,3740.411
16000,1865.775
16000,3509.083
16000,5504.35
16000,2976.996
16000,4169.857
16000,2438.254
16000,4131.16
16000,3994.212
16000,3531.803
16000,4273.13
16000,3717.007
16000,4584.471
16000,3015.9509999999996
16000,2516.331
16000,3271.058
16000,3123.5820000000003
16000,4695.149
16000,1793.078
16000,2828.716
16000,3469.205
16000,3686.8720000000003
16000,1925.612
16000,4163.221
16000,3233.32
16000,3392.191
16000,3022.738
16000,4066.7529999999997
16000,3746.485
16000,3080.022
16000,5150.012
16000,4474.503
16000,3585.63
16000,3597.865
16000,3418.3559999999998
16000,2112.314
16000,1532.6629999999998
16000,2274.165
16000,2658.431
16000,2207.6279999999997
16000,3988.675
16000,3983.275
16000,4002.649
16000,3551.684
16000,3362.112
16000,2674.676
16000,4653.7970000000005
16000,3353.074
16000,1662.434
